DATASET_BINARY
SEPARATOR COMMA
DATASET_LABEL,Inflammatory
COLOR,#070007
FIELD_LABELS,3969,11,12,18,416,3617,1059,676,214,4444,4577,4338
FIELD_COLORS,#ff0000,#ff0000,#ff0000,#ff0000,#ff0000,#ff0000,#0000ff,#0000ff,#0000ff,#0000ff,#0000ff,#0000ff
FIELD_SHAPES,1,2,4,5,1,2,4,5,1,2,4,5
LEGEND_TITLE,Functional_Cluster
LEGEND_SHAPES,1,2,4,5,1,2,4,5,1,2,4,5
LEGEND_COLORS,#ff0000,#ff0000,#ff0000,#ff0000,#ff0000,#ff0000,#0000ff,#0000ff,#0000ff,#0000ff,#0000ff,#0000ff
LEGEND_LABELS,3969,11,12,18,416,3617,1059,676,214,4444,4577,4338
DATA
msp_1553,-1,-1,-1,-1,-1,-1,-1,-1,-1,-1,-1,-1
msp_1478,-1,0,-1,-1,-1,0,-1,-1,-1,-1,-1,-1
msp_0107,-1,1,1,1,1,-1,-1,-1,-1,-1,-1,-1
msp_2009,-1,-1,-1,-1,-1,-1,-1,-1,-1,-1,-1,-1
msp_0852,-1,-1,0,-1,-1,-1,-1,-1,-1,-1,-1,-1
msp_1303,-1,-1,-1,-1,-1,-1,-1,-1,-1,-1,-1,-1
msp_0816c,-1,-1,0,-1,-1,-1,-1,-1,-1,-1,-1,-1
msp_1117,-1,-1,-1,-1,-1,-1,-1,-1,-1,-1,-1,-1
msp_0702,-1,-1,-1,-1,-1,-1,-1,-1,-1,-1,-1,-1
msp_1127,-1,-1,-1,-1,-1,-1,-1,-1,-1,-1,-1,-1
msp_0314,-1,0,0,-1,-1,-1,-1,-1,-1,-1,-1,-1
msp_1099c,0,0,-1,-1,-1,-1,-1,-1,-1,-1,-1,-1
msp_0064,-1,-1,-1,-1,-1,-1,-1,-1,-1,-1,-1,-1
msp_1204,0,-1,-1,-1,-1,-1,-1,-1,-1,-1,-1,-1
msp_0464,-1,0,0,0,0,0,-1,-1,-1,-1,-1,-1
msp_0446c,-1,0,0,0,-1,-1,-1,-1,-1,-1,-1,-1
msp_1829,-1,-1,-1,-1,-1,-1,-1,-1,-1,-1,-1,-1
msp_1383c,-1,0,-1,-1,-1,-1,-1,-1,-1,-1,-1,-1
msp_1424,-1,-1,-1,-1,-1,-1,-1,-1,-1,-1,-1,-1
msp_1991,-1,-1,-1,-1,-1,-1,-1,-1,-1,-1,-1,-1
msp_1057c,-1,-1,-1,-1,-1,-1,-1,-1,-1,-1,-1,-1
msp_0158,-1,-1,0,-1,-1,-1,-1,-1,-1,-1,-1,-1
msp_0030,-1,-1,0,0,0,-1,0,-1,0,-1,-1,-1
msp_1271,-1,-1,-1,-1,-1,-1,-1,-1,-1,-1,-1,-1
msp_0181,0,0,0,-1,0,-1,-1,-1,-1,-1,-1,-1
msp_1124,-1,0,-1,-1,-1,-1,-1,-1,-1,-1,-1,-1
msp_0986,-1,0,0,0,-1,-1,-1,-1,-1,-1,-1,-1
msp_1399,-1,-1,-1,-1,-1,-1,-1,-1,-1,-1,-1,-1
msp_0480,0,0,-1,-1,-1,-1,-1,-1,-1,-1,-1,-1
msp_0233,-1,0,0,-1,-1,-1,-1,-1,-1,-1,-1,-1
msp_0310,-1,-1,-1,-1,-1,-1,-1,-1,-1,-1,-1,-1
msp_0959,-1,-1,-1,-1,-1,-1,-1,-1,-1,-1,-1,-1
msp_1582,-1,-1,-1,-1,-1,-1,-1,-1,-1,-1,-1,-1
msp_1559c,-1,-1,-1,-1,-1,-1,-1,-1,-1,-1,-1,-1
msp_1861,-1,-1,-1,-1,0,-1,-1,-1,-1,-1,-1,-1
msp_1449,-1,-1,-1,-1,-1,-1,-1,-1,-1,-1,-1,-1
msp_0963c,-1,-1,-1,-1,0,-1,-1,-1,-1,-1,-1,-1
msp_0171,-1,0,0,-1,0,-1,-1,-1,-1,-1,-1,-1
msp_1548,-1,0,-1,-1,-1,-1,-1,-1,-1,-1,-1,-1
msp_0182,-1,0,0,0,0,-1,-1,-1,-1,-1,-1,-1
msp_0122,-1,-1,-1,-1,-1,-1,-1,-1,-1,-1,-1,-1
msp_1146,-1,-1,-1,-1,-1,-1,-1,-1,-1,-1,-1,-1
msp_0537,-1,-1,-1,-1,-1,-1,-1,-1,-1,-1,-1,-1
msp_1340,-1,-1,-1,-1,-1,-1,-1,-1,-1,-1,-1,-1
msp_0618,0,-1,-1,-1,0,-1,0,-1,0,-1,-1,-1
msp_0143,-1,-1,0,-1,-1,-1,-1,-1,-1,-1,-1,-1
msp_1819,-1,0,0,-1,0,-1,-1,-1,-1,-1,-1,-1
msp_1005,-1,-1,-1,-1,-1,-1,-1,-1,-1,-1,-1,-1
msp_0662,-1,0,0,0,-1,-1,-1,-1,-1,-1,-1,-1
msp_1356,0,-1,-1,-1,-1,-1,-1,-1,-1,-1,-1,-1
msp_1617,0,-1,-1,0,-1,0,-1,-1,-1,-1,-1,-1
msp_0323,-1,0,0,-1,0,0,-1,-1,-1,-1,-1,-1
msp_0396,-1,-1,-1,0,-1,-1,-1,-1,-1,-1,-1,-1
msp_0785,-1,0,0,0,-1,-1,-1,-1,-1,-1,-1,-1
msp_0843,-1,-1,-1,-1,-1,-1,0,-1,-1,-1,-1,-1
msp_0475,-1,-1,-1,-1,-1,-1,-1,-1,-1,-1,-1,-1
msp_1041,-1,-1,-1,-1,0,-1,-1,-1,-1,-1,-1,-1
msp_1463,-1,-1,-1,-1,-1,-1,0,-1,0,-1,-1,-1
msp_0905c,-1,0,-1,-1,-1,-1,-1,-1,-1,-1,-1,-1
msp_0803,-1,-1,-1,-1,-1,-1,-1,-1,-1,-1,-1,-1
msp_0219,-1,-1,0,-1,-1,-1,-1,-1,-1,-1,-1,-1
msp_1491,-1,-1,-1,-1,-1,0,-1,-1,-1,-1,-1,-1
msp_1567,-1,-1,-1,-1,-1,-1,-1,-1,-1,-1,-1,-1
msp_0218,-1,-1,0,-1,-1,-1,-1,-1,-1,-1,-1,-1
msp_1090,-1,-1,-1,-1,-1,-1,-1,-1,-1,-1,-1,-1
msp_1092,-1,-1,-1,-1,0,-1,0,-1,0,-1,-1,-1
msp_0476,-1,-1,-1,-1,-1,-1,-1,-1,-1,-1,-1,-1
msp_1003,-1,-1,-1,-1,-1,-1,-1,-1,-1,-1,-1,-1
msp_0489,-1,0,0,0,0,0,-1,-1,-1,-1,-1,-1
msp_1921,-1,-1,-1,-1,-1,-1,-1,-1,-1,-1,-1,-1
msp_0898,-1,-1,-1,-1,-1,0,-1,-1,-1,-1,-1,-1
msp_0127,0,0,0,-1,-1,-1,-1,-1,-1,-1,-1,-1
msp_1339,-1,-1,-1,-1,-1,-1,-1,-1,-1,-1,-1,-1
msp_0286,0,-1,0,-1,0,-1,-1,-1,-1,-1,-1,-1
msp_0979,-1,0,-1,-1,-1,0,-1,-1,-1,-1,-1,-1
msp_0936c,-1,-1,-1,-1,0,-1,-1,-1,-1,-1,-1,-1
msp_0245,-1,-1,0,0,0,-1,-1,-1,-1,-1,-1,-1
msp_1588,-1,-1,-1,-1,-1,-1,-1,-1,-1,-1,-1,-1
msp_0089,-1,-1,-1,-1,-1,-1,-1,-1,-1,-1,-1,-1
msp_0435,-1,0,0,0,-1,-1,-1,-1,-1,-1,-1,-1
msp_1538,-1,-1,-1,-1,-1,0,-1,-1,-1,-1,-1,-1
msp_0745,-1,-1,-1,-1,0,-1,-1,-1,-1,-1,-1,-1
msp_0450,-1,-1,0,0,0,-1,-1,-1,-1,-1,-1,-1
msp_0691,0,0,-1,-1,-1,-1,-1,-1,-1,-1,-1,-1
msp_1053,0,-1,-1,-1,-1,-1,-1,-1,-1,-1,-1,-1
msp_0374,-1,0,0,-1,-1,-1,-1,-1,-1,-1,-1,-1
msp_1063c,-1,0,-1,-1,-1,-1,-1,-1,-1,-1,-1,-1
msp_1162,-1,-1,-1,-1,-1,-1,-1,-1,-1,-1,-1,-1
msp_0238,-1,-1,0,-1,0,0,-1,-1,-1,-1,-1,-1
msp_0621,-1,1,1,1,1,1,-1,-1,-1,-1,-1,-1
msp_0205,-1,0,0,-1,-1,-1,-1,-1,-1,-1,-1,-1
msp_0174,-1,-1,-1,-1,0,-1,0,-1,0,-1,-1,-1
msp_1638,-1,-1,-1,-1,-1,-1,-1,-1,-1,-1,-1,-1
msp_0513,-1,0,0,-1,-1,-1,-1,-1,-1,-1,-1,-1
msp_0165,0,0,0,-1,0,0,-1,-1,-1,-1,-1,-1
msp_0935,-1,0,0,0,-1,-1,-1,-1,-1,-1,-1,-1
msp_0052,0,0,0,0,0,0,-1,-1,-1,-1,-1,-1
msp_0244,0,0,0,0,0,0,-1,-1,-1,-1,-1,-1
msp_0424,-1,0,0,-1,-1,-1,-1,-1,-1,-1,-1,-1
msp_0113,0,0,0,-1,-1,0,-1,-1,-1,-1,-1,-1
msp_2209,-1,-1,-1,-1,-1,-1,-1,-1,-1,-1,-1,-1
msp_0787,-1,-1,-1,-1,-1,0,-1,-1,-1,-1,-1,-1
msp_0674,0,-1,0,-1,0,-1,-1,-1,-1,-1,-1,-1
msp_0600c,-1,-1,-1,-1,-1,-1,0,-1,-1,-1,-1,-1
msp_1842,-1,-1,-1,-1,-1,-1,-1,-1,-1,-1,-1,-1
msp_0827,-1,-1,-1,-1,-1,-1,-1,-1,-1,-1,-1,-1
msp_0931,-1,-1,-1,-1,-1,-1,-1,-1,-1,-1,-1,-1
msp_0403,-1,-1,0,-1,-1,-1,0,-1,-1,-1,-1,-1
msp_1034,-1,-1,-1,0,-1,-1,-1,-1,-1,-1,-1,-1
msp_0518,-1,-1,-1,0,-1,-1,-1,-1,-1,-1,-1,-1
msp_1182,-1,-1,-1,-1,0,-1,-1,-1,-1,-1,0,-1
msp_0918,-1,-1,-1,-1,-1,-1,-1,-1,-1,-1,-1,-1
msp_0381,-1,-1,-1,-1,-1,-1,-1,-1,-1,-1,-1,-1
msp_0688,-1,-1,0,-1,-1,-1,-1,-1,-1,-1,-1,-1
msp_0953,0,-1,0,-1,-1,-1,-1,-1,-1,-1,-1,-1
msp_0749,-1,-1,-1,-1,0,-1,0,-1,0,-1,-1,-1
msp_0439,-1,-1,-1,-1,-1,-1,-1,-1,-1,-1,-1,-1
msp_1601,-1,0,-1,-1,-1,-1,-1,-1,-1,-1,-1,-1
msp_1700,0,-1,-1,-1,-1,-1,-1,-1,-1,-1,-1,-1
msp_2013,-1,-1,-1,-1,-1,-1,-1,-1,0,-1,-1,-1
msp_0853c,-1,0,-1,-1,-1,-1,-1,-1,-1,-1,-1,-1
msp_0887,-1,-1,-1,0,-1,-1,-1,-1,-1,-1,-1,-1
msp_0492,-1,-1,0,-1,-1,-1,-1,-1,-1,-1,-1,-1
msp_0068,0,0,0,0,-1,0,-1,-1,-1,-1,-1,-1
msp_1120,0,0,-1,-1,-1,-1,-1,-1,-1,-1,-1,-1
msp_0922,-1,0,-1,-1,-1,-1,-1,-1,-1,-1,-1,-1
msp_1748,-1,-1,-1,-1,-1,-1,-1,-1,-1,-1,-1,-1
msp_0163,-1,0,0,0,0,0,-1,-1,-1,-1,-1,-1
msp_1326,-1,-1,-1,0,0,-1,-1,-1,-1,-1,-1,-1
msp_1101,-1,-1,-1,-1,-1,-1,-1,-1,-1,-1,-1,-1
msp_1091,0,-1,-1,-1,-1,-1,-1,-1,-1,-1,-1,-1
msp_0479,0,-1,0,0,0,-1,-1,-1,-1,-1,-1,-1
msp_1208,-1,-1,-1,-1,-1,-1,0,-1,-1,-1,-1,-1
msp_1065,0,-1,0,-1,0,-1,-1,-1,-1,-1,-1,-1
msp_0741,-1,-1,-1,-1,0,-1,-1,-1,0,-1,-1,-1
msp_1459,-1,-1,-1,-1,-1,-1,-1,-1,-1,0,-1,-1
msp_0700,-1,-1,0,0,-1,-1,-1,-1,-1,-1,-1,-1
msp_0542,-1,-1,0,-1,0,-1,-1,-1,-1,-1,-1,-1
msp_0754c,-1,-1,-1,-1,-1,-1,-1,-1,-1,-1,-1,-1
msp_0559,-1,0,0,-1,-1,0,-1,-1,-1,-1,-1,-1
msp_1980,-1,-1,-1,-1,-1,-1,-1,-1,-1,-1,-1,-1
msp_0249,-1,0,0,-1,-1,-1,-1,-1,-1,-1,-1,-1
msp_0198,-1,-1,0,-1,-1,-1,-1,-1,-1,-1,-1,-1
msp_1149,-1,0,-1,-1,-1,-1,-1,-1,-1,-1,-1,-1
msp_1830,-1,-1,-1,-1,-1,-1,-1,-1,-1,-1,-1,-1
msp_1337c,-1,0,-1,-1,-1,0,-1,-1,-1,-1,-1,-1
msp_1153,-1,-1,0,-1,0,-1,-1,-1,-1,-1,-1,-1
msp_0635,-1,-1,-1,-1,-1,-1,-1,-1,-1,-1,-1,-1
msp_0659,-1,-1,-1,0,-1,-1,-1,-1,-1,-1,-1,-1
msp_0574c,-1,-1,-1,-1,0,-1,-1,-1,-1,-1,-1,0
msp_0305,-1,-1,0,0,0,-1,-1,-1,-1,-1,-1,-1
msp_0247,-1,-1,0,-1,0,0,-1,-1,-1,-1,-1,-1
msp_0091,-1,-1,0,-1,-1,-1,-1,-1,-1,-1,-1,-1
msp_1639,-1,-1,-1,0,0,-1,-1,-1,0,-1,-1,-1
msp_0289,-1,-1,0,0,0,-1,-1,-1,-1,-1,-1,-1
msp_1072,-1,0,-1,-1,-1,0,-1,-1,-1,-1,-1,-1
msp_0319,-1,0,0,-1,-1,-1,-1,-1,-1,-1,-1,-1
msp_1062,0,-1,-1,-1,-1,-1,-1,-1,-1,-1,-1,-1
msp_1888,-1,-1,-1,-1,-1,-1,-1,-1,-1,-1,-1,-1
msp_1596,-1,-1,-1,-1,-1,-1,-1,-1,-1,-1,-1,-1
msp_0664,-1,0,0,-1,-1,-1,-1,-1,-1,-1,-1,-1
msp_0530,0,0,0,0,-1,0,-1,-1,-1,-1,-1,-1
msp_0192,-1,0,0,-1,-1,-1,-1,-1,-1,-1,-1,-1
msp_0418,-1,0,0,-1,-1,-1,-1,-1,-1,-1,-1,-1
msp_0855,-1,-1,-1,-1,-1,-1,-1,-1,-1,-1,-1,-1
msp_0998,-1,-1,-1,-1,-1,-1,-1,-1,0,-1,-1,-1
msp_1264c,-1,-1,-1,-1,-1,-1,-1,-1,-1,-1,-1,-1
msp_0509,0,-1,0,-1,-1,-1,-1,-1,-1,-1,-1,-1
msp_0684,-1,-1,-1,-1,-1,-1,-1,-1,-1,0,-1,-1
msp_1267,-1,-1,0,-1,-1,-1,-1,-1,-1,-1,-1,-1
msp_0420,-1,-1,0,-1,-1,-1,-1,-1,-1,-1,-1,-1
msp_1464,-1,-1,-1,-1,-1,-1,-1,-1,-1,-1,-1,-1
msp_0376,0,-1,0,-1,-1,-1,-1,-1,-1,-1,-1,-1
msp_1666,-1,-1,-1,-1,-1,-1,-1,-1,-1,-1,-1,-1
msp_1636,-1,-1,-1,-1,-1,-1,-1,-1,-1,-1,-1,-1
msp_1370,-1,-1,-1,-1,-1,-1,-1,-1,-1,-1,-1,-1
msp_0473c,0,0,-1,-1,-1,0,-1,-1,-1,-1,-1,-1
msp_1038,-1,0,-1,-1,-1,-1,-1,-1,-1,-1,-1,-1
msp_0007,-1,-1,0,-1,-1,-1,-1,-1,-1,-1,-1,-1
msp_0995,-1,0,0,-1,-1,-1,-1,-1,-1,-1,-1,-1
msp_0269,0,0,0,-1,-1,-1,-1,-1,-1,-1,-1,-1
msp_0656,-1,-1,-1,-1,-1,-1,1,1,1,1,-1,-1
msp_1040c,-1,-1,-1,0,-1,-1,-1,-1,-1,-1,-1,-1
msp_1331,-1,-1,0,0,0,-1,0,-1,0,-1,-1,-1
msp_0726,-1,-1,-1,-1,-1,-1,-1,-1,-1,-1,-1,-1
msp_0832,0,0,-1,-1,-1,-1,-1,-1,-1,-1,-1,-1
msp_0308,-1,-1,0,0,-1,-1,-1,-1,-1,-1,-1,-1
msp_0578,-1,-1,-1,-1,-1,-1,-1,-1,-1,-1,-1,-1
msp_0883,0,-1,0,-1,-1,-1,-1,-1,-1,-1,-1,-1
msp_2029,-1,-1,-1,-1,-1,-1,-1,-1,-1,-1,-1,-1
msp_1882,-1,-1,-1,-1,-1,-1,0,-1,-1,-1,-1,-1
msp_1543,-1,0,-1,-1,-1,-1,-1,-1,-1,-1,-1,-1
msp_1560,-1,-1,-1,-1,-1,-1,-1,-1,-1,-1,-1,-1
msp_0477,-1,-1,0,-1,-1,-1,-1,-1,-1,-1,-1,-1
msp_0981,0,-1,-1,0,-1,-1,-1,-1,-1,-1,-1,-1
msp_1647,-1,-1,-1,-1,-1,-1,-1,-1,-1,-1,-1,-1
msp_0912,-1,-1,0,-1,-1,-1,-1,-1,-1,-1,-1,-1
msp_1055,-1,-1,-1,-1,-1,-1,-1,-1,-1,-1,-1,-1
msp_0951,-1,-1,-1,-1,-1,-1,-1,-1,-1,-1,-1,-1
msp_0528,-1,-1,-1,-1,-1,-1,-1,-1,-1,-1,-1,-1
msp_0385,-1,0,0,-1,-1,-1,-1,-1,-1,-1,-1,-1
msp_0354,-1,0,-1,-1,-1,-1,-1,-1,-1,-1,-1,-1
msp_1027,-1,-1,-1,-1,-1,-1,-1,-1,-1,-1,-1,-1
msp_1110,-1,-1,-1,-1,-1,-1,-1,-1,-1,-1,-1,-1
msp_2141,-1,-1,-1,-1,-1,-1,-1,-1,-1,-1,-1,-1
msp_0756,-1,0,0,-1,0,-1,-1,-1,-1,-1,-1,-1
msp_0248,-1,-1,-1,-1,-1,-1,-1,-1,-1,-1,-1,-1
msp_0112,-1,0,0,-1,0,-1,-1,-1,-1,-1,-1,-1
msp_1607c,-1,0,-1,-1,-1,-1,-1,-1,-1,-1,-1,-1
msp_0232,0,0,0,-1,-1,-1,-1,-1,-1,-1,-1,-1
msp_1258,-1,-1,-1,-1,-1,-1,-1,-1,-1,-1,-1,-1
msp_0034,-1,-1,0,-1,-1,-1,-1,-1,-1,-1,-1,-1
msp_1652,0,-1,-1,-1,-1,-1,-1,-1,-1,-1,-1,-1
msp_0016,-1,-1,0,-1,-1,-1,-1,-1,-1,-1,-1,-1
msp_0997,-1,-1,-1,-1,-1,-1,-1,-1,-1,-1,-1,-1
msp_1156,-1,-1,-1,-1,-1,-1,-1,-1,-1,-1,-1,-1
msp_1173c,-1,-1,-1,-1,-1,-1,-1,-1,-1,-1,-1,-1
msp_1265,-1,-1,-1,-1,-1,-1,0,-1,-1,-1,-1,-1
msp_1098,-1,0,-1,-1,-1,-1,-1,-1,-1,-1,-1,-1
msp_0946,-1,-1,-1,-1,-1,-1,-1,-1,-1,-1,-1,-1
msp_0077,0,-1,0,-1,-1,-1,-1,-1,-1,-1,-1,-1
msp_0504,-1,-1,-1,-1,-1,-1,-1,-1,-1,-1,-1,-1
msp_1137,-1,0,-1,-1,-1,-1,-1,-1,-1,-1,-1,-1
msp_1287,-1,-1,-1,-1,-1,-1,-1,-1,-1,-1,-1,-1
msp_0622,-1,0,0,-1,-1,0,-1,-1,-1,-1,-1,-1
msp_1826,-1,-1,-1,-1,-1,-1,-1,-1,-1,-1,-1,-1
msp_0406,-1,-1,0,0,0,-1,-1,-1,-1,-1,-1,0
msp_1387,-1,-1,-1,-1,-1,-1,-1,-1,-1,-1,-1,-1
msp_0428,-1,-1,-1,-1,-1,-1,-1,-1,-1,-1,-1,-1
msp_0732,0,-1,0,0,-1,-1,-1,-1,-1,-1,-1,-1
msp_0738,-1,-1,-1,-1,-1,-1,-1,-1,-1,-1,-1,-1
msp_0458,-1,-1,0,0,-1,-1,-1,-1,-1,-1,-1,-1
msp_0257,-1,-1,0,-1,-1,-1,-1,-1,-1,-1,-1,-1
msp_0429,-1,-1,-1,-1,-1,-1,-1,-1,-1,-1,-1,-1
msp_1122,-1,-1,-1,-1,-1,-1,-1,-1,-1,-1,-1,-1
msp_1157,-1,-1,-1,-1,-1,-1,-1,-1,-1,-1,-1,-1
msp_0472,-1,-1,0,-1,-1,-1,-1,-1,-1,-1,-1,-1
msp_1066,-1,-1,-1,-1,-1,-1,-1,-1,-1,-1,-1,-1
msp_0831,0,0,0,-1,-1,-1,-1,-1,-1,-1,-1,-1
msp_0359,-1,-1,0,0,0,-1,0,-1,-1,-1,-1,-1
msp_0725,-1,-1,-1,-1,-1,0,-1,-1,-1,-1,-1,-1
msp_0294,0,-1,0,-1,-1,-1,-1,-1,-1,-1,-1,-1
msp_0264,-1,-1,-1,-1,-1,-1,-1,-1,-1,-1,-1,-1
msp_1519,-1,0,-1,-1,-1,-1,-1,-1,-1,-1,-1,-1
msp_0923,-1,-1,0,0,0,-1,-1,-1,-1,-1,-1,-1
msp_1301,-1,-1,-1,-1,-1,-1,-1,-1,-1,-1,-1,-1
msp_1983,-1,-1,-1,-1,-1,-1,-1,-1,-1,-1,-1,-1
msp_0643,0,0,0,-1,-1,-1,-1,-1,-1,-1,-1,-1
msp_1498,-1,-1,-1,-1,-1,-1,-1,-1,-1,-1,-1,-1
msp_0050,0,0,0,0,0,-1,-1,-1,-1,-1,-1,-1
msp_0705,0,-1,0,0,-1,0,-1,-1,-1,-1,-1,-1
msp_0962,-1,-1,0,-1,-1,-1,-1,-1,-1,-1,-1,-1
msp_1603c,-1,0,-1,-1,-1,-1,-1,-1,-1,-1,-1,-1
msp_0957,-1,0,0,-1,-1,-1,-1,-1,-1,-1,-1,-1
msp_1095,-1,-1,-1,-1,-1,-1,-1,-1,0,-1,-1,-1
msp_1165,-1,-1,-1,-1,-1,-1,-1,-1,-1,-1,-1,-1
msp_0971,-1,-1,-1,-1,-1,-1,-1,-1,-1,-1,-1,-1
msp_0927,-1,-1,-1,-1,-1,-1,-1,-1,-1,-1,-1,-1
msp_0200,0,-1,0,0,0,-1,-1,-1,-1,-1,-1,-1
msp_0021,-1,-1,-1,-1,-1,-1,-1,-1,-1,-1,-1,-1
msp_0486,0,-1,0,-1,-1,-1,-1,-1,-1,-1,-1,-1
msp_0015,-1,0,0,0,0,-1,-1,-1,-1,-1,-1,-1
msp_1552,-1,-1,-1,-1,-1,-1,-1,-1,-1,-1,-1,-1
msp_1111,-1,-1,-1,-1,-1,-1,-1,-1,-1,-1,-1,-1
msp_0744,-1,-1,0,-1,-1,-1,0,-1,-1,-1,-1,-1
msp_1878,-1,-1,-1,-1,-1,-1,-1,-1,-1,-1,-1,-1
msp_0415,-1,-1,0,-1,-1,-1,-1,-1,-1,-1,-1,-1
msp_0258,-1,-1,0,-1,-1,-1,-1,-1,-1,-1,-1,-1
msp_1391,-1,-1,-1,0,-1,-1,0,-1,-1,-1,-1,-1
msp_1493,-1,-1,-1,-1,-1,-1,-1,-1,-1,-1,-1,-1
msp_1205,-1,-1,-1,-1,0,-1,0,-1,0,-1,-1,-1
msp_0644,-1,-1,0,-1,-1,-1,-1,-1,-1,-1,-1,-1
msp_0602c,-1,-1,-1,-1,-1,-1,-1,-1,-1,-1,-1,-1
msp_1859,-1,-1,-1,-1,-1,-1,-1,-1,-1,-1,-1,-1
msp_1347c,-1,0,-1,-1,-1,-1,-1,-1,-1,-1,-1,-1
msp_1158,-1,-1,-1,-1,-1,-1,-1,-1,-1,-1,-1,-1
msp_1599,-1,-1,-1,-1,-1,-1,-1,-1,-1,-1,-1,-1
msp_0506,1,1,1,1,-1,1,-1,-1,-1,-1,-1,-1
msp_0848,-1,-1,0,0,-1,-1,-1,-1,-1,-1,-1,-1
msp_0363,-1,-1,0,-1,-1,-1,-1,-1,-1,-1,-1,-1
msp_1372,-1,-1,-1,-1,-1,-1,-1,-1,-1,-1,-1,-1
msp_0117,-1,-1,-1,-1,-1,-1,-1,-1,-1,-1,-1,-1
msp_0515,0,-1,0,0,0,0,-1,-1,-1,-1,-1,-1
msp_1441c,-1,-1,-1,-1,-1,-1,-1,-1,-1,-1,-1,-1
msp_1495,-1,-1,-1,0,0,-1,0,-1,-1,-1,-1,-1
msp_1151,-1,-1,-1,-1,-1,-1,0,0,0,-1,-1,-1
msp_1576,-1,-1,-1,-1,-1,-1,-1,-1,-1,-1,-1,-1
msp_0457,0,0,0,0,-1,-1,-1,-1,-1,-1,-1,-1
msp_1256,-1,-1,-1,-1,-1,-1,-1,-1,-1,-1,-1,-1
msp_0237,0,0,0,-1,-1,0,-1,-1,-1,-1,-1,-1
msp_0340,-1,0,0,-1,-1,-1,-1,-1,-1,-1,-1,-1
msp_0172,-1,0,0,-1,-1,0,-1,-1,-1,-1,-1,-1
msp_0630,0,0,0,-1,-1,-1,-1,-1,-1,-1,-1,-1
msp_1844,-1,-1,-1,-1,0,-1,0,-1,-1,-1,-1,-1
msp_0776,-1,-1,0,-1,-1,-1,-1,-1,-1,-1,-1,-1
msp_1192,-1,-1,-1,-1,-1,-1,-1,-1,-1,-1,-1,-1
msp_0455,-1,-1,-1,-1,-1,-1,-1,-1,0,-1,-1,-1
msp_0470,-1,-1,0,-1,-1,-1,-1,-1,-1,-1,-1,-1
msp_0035,-1,-1,-1,-1,-1,-1,-1,-1,-1,-1,-1,-1
msp_1886,-1,-1,-1,-1,-1,-1,-1,-1,-1,-1,-1,-1
msp_0638,-1,-1,-1,0,-1,-1,-1,-1,-1,-1,-1,-1
msp_1263c,-1,-1,-1,-1,-1,-1,-1,-1,-1,-1,-1,-1
msp_1318,-1,-1,-1,-1,-1,-1,-1,-1,-1,-1,-1,-1
msp_0138,-1,0,-1,-1,-1,-1,-1,-1,-1,-1,-1,-1
msp_0758,-1,0,-1,-1,0,-1,-1,-1,-1,-1,-1,-1
msp_0681,-1,-1,-1,-1,-1,-1,-1,-1,-1,-1,-1,-1
msp_0437c,-1,0,-1,-1,0,-1,-1,-1,-1,-1,-1,-1
msp_1105,-1,0,-1,-1,-1,-1,-1,-1,-1,-1,-1,-1
msp_2015,-1,-1,-1,-1,-1,-1,0,-1,-1,-1,-1,-1
msp_1188,-1,0,-1,-1,-1,-1,-1,-1,-1,-1,-1,-1
msp_1398,-1,-1,-1,-1,-1,-1,-1,-1,-1,-1,-1,-1
msp_0309,-1,0,0,0,0,-1,-1,-1,-1,-1,-1,-1
msp_0521,-1,-1,0,-1,-1,-1,-1,-1,-1,-1,-1,-1
msp_0540,-1,-1,0,-1,-1,-1,-1,-1,-1,-1,-1,-1
msp_1133,-1,-1,-1,-1,-1,-1,-1,-1,-1,-1,-1,-1
msp_0715c,-1,-1,-1,0,0,-1,0,-1,0,-1,-1,-1
msp_0999,-1,-1,-1,-1,-1,-1,-1,-1,-1,-1,-1,-1
msp_0040,-1,-1,0,-1,-1,-1,-1,-1,-1,-1,-1,-1
msp_1904,-1,-1,-1,-1,-1,-1,-1,-1,-1,-1,-1,-1
msp_0047,-1,0,0,-1,-1,-1,-1,-1,-1,-1,-1,-1
msp_0005,-1,-1,0,0,0,-1,0,-1,0,-1,-1,-1
msp_0191,-1,-1,0,-1,-1,-1,-1,-1,-1,-1,-1,-1
msp_0687,-1,-1,-1,-1,-1,-1,-1,-1,-1,-1,-1,-1
msp_0482,-1,-1,0,0,0,-1,0,-1,-1,-1,-1,-1
msp_0601c,-1,-1,0,-1,-1,-1,-1,-1,-1,-1,-1,-1
msp_0417,-1,-1,-1,-1,-1,-1,-1,-1,-1,-1,-1,-1
msp_0978,0,-1,-1,-1,-1,-1,-1,-1,-1,-1,-1,-1
msp_0349,-1,-1,0,-1,-1,-1,-1,-1,-1,-1,-1,-1
msp_1594,-1,-1,-1,-1,-1,-1,-1,-1,-1,-1,-1,-1
msp_0597,-1,0,0,-1,-1,-1,-1,-1,-1,-1,-1,-1
msp_0098,-1,-1,-1,-1,-1,-1,-1,-1,-1,-1,-1,-1
msp_0185,-1,0,0,-1,-1,0,-1,-1,-1,-1,-1,-1
msp_0348,0,0,0,-1,-1,0,-1,-1,-1,-1,-1,-1
msp_0402,-1,0,0,-1,0,-1,-1,-1,-1,-1,-1,-1
msp_0753,-1,-1,-1,-1,-1,-1,-1,-1,-1,-1,-1,-1
msp_0010,-1,-1,0,-1,-1,-1,-1,-1,-1,-1,-1,-1
msp_1394,-1,-1,-1,-1,-1,-1,-1,-1,-1,-1,-1,-1
msp_0116,-1,-1,-1,-1,-1,-1,-1,0,-1,-1,0,-1
msp_0033,-1,-1,0,-1,-1,-1,-1,-1,-1,-1,-1,-1
msp_1076,-1,-1,-1,-1,-1,-1,-1,-1,-1,-1,-1,-1
msp_0562,-1,0,0,-1,-1,-1,0,-1,-1,-1,-1,-1
msp_0048,0,-1,0,-1,0,-1,-1,-1,-1,-1,-1,-1
msp_0189,-1,0,0,0,0,0,-1,-1,-1,-1,-1,-1
msp_0820,-1,0,0,0,-1,0,-1,-1,-1,-1,-1,-1
msp_2006,-1,-1,-1,-1,-1,-1,-1,-1,-1,-1,-1,-1
msp_0720,-1,0,0,0,-1,-1,-1,-1,-1,-1,-1,-1
msp_0493,-1,0,0,-1,-1,-1,-1,-1,-1,-1,-1,-1
msp_1223c,-1,-1,-1,-1,-1,-1,-1,-1,-1,-1,-1,-1
msp_1948,0,0,-1,-1,-1,-1,-1,-1,-1,-1,-1,-1
msp_0154,0,0,0,0,-1,0,-1,-1,-1,-1,-1,-1
msp_0692,-1,-1,0,-1,-1,-1,-1,-1,-1,-1,-1,-1
msp_0742,-1,0,0,-1,-1,-1,-1,-1,-1,-1,-1,-1
msp_1890,0,-1,-1,-1,-1,-1,-1,-1,-1,-1,-1,-1
msp_1713,-1,-1,-1,-1,-1,-1,-1,-1,-1,-1,-1,-1
msp_2074,-1,-1,-1,-1,-1,-1,-1,-1,-1,-1,-1,-1
msp_0259,-1,0,0,0,-1,0,-1,-1,-1,-1,-1,-1
msp_0022,-1,-1,0,-1,-1,-1,-1,-1,-1,-1,-1,-1
msp_0812,0,-1,0,0,-1,0,-1,-1,-1,-1,-1,-1
msp_0469c,-1,0,-1,-1,-1,-1,-1,-1,-1,-1,-1,-1
msp_1037,-1,-1,-1,-1,-1,-1,-1,-1,-1,-1,-1,-1
msp_0246,-1,0,0,0,-1,-1,-1,-1,-1,-1,-1,-1
msp_0718,-1,-1,-1,-1,-1,-1,0,-1,0,0,0,0
msp_0478,-1,-1,0,-1,-1,0,-1,-1,-1,-1,-1,-1
msp_0961,-1,-1,-1,-1,-1,-1,-1,-1,-1,-1,-1,-1
msp_0919,-1,-1,-1,-1,0,-1,0,-1,0,0,-1,-1
msp_0770,-1,-1,0,0,-1,0,-1,-1,-1,-1,-1,-1
msp_0980,-1,-1,-1,-1,-1,-1,-1,-1,-1,-1,-1,0
msp_1052,-1,-1,-1,-1,-1,-1,-1,-1,-1,-1,-1,-1
msp_1628,-1,0,-1,-1,-1,-1,-1,-1,-1,-1,-1,-1
msp_1093,-1,-1,-1,-1,-1,-1,-1,-1,-1,-1,-1,-1
msp_1255,0,0,-1,0,-1,-1,-1,-1,-1,-1,-1,-1
msp_1773,-1,-1,-1,-1,-1,-1,-1,-1,-1,-1,-1,-1
msp_1793,-1,-1,-1,-1,-1,-1,-1,-1,-1,-1,-1,-1
msp_0333,-1,-1,0,-1,-1,-1,0,-1,-1,-1,-1,-1
msp_0020,-1,0,0,0,-1,0,-1,-1,-1,-1,-1,-1
msp_1378,-1,-1,-1,-1,-1,-1,-1,-1,-1,-1,-1,-1
msp_1335,-1,-1,0,-1,0,-1,-1,-1,-1,-1,-1,-1
msp_0930,-1,0,0,-1,0,0,-1,-1,-1,-1,-1,-1
msp_0207,-1,-1,0,-1,0,0,-1,-1,-1,-1,-1,-1
msp_0496,0,-1,0,-1,0,-1,-1,-1,-1,-1,-1,-1
msp_0100,-1,-1,0,0,0,-1,0,-1,0,-1,-1,-1
msp_0211,-1,-1,0,-1,-1,-1,-1,-1,-1,-1,-1,-1
msp_1031,-1,-1,-1,-1,0,-1,-1,-1,0,-1,-1,-1
msp_0782,-1,-1,-1,-1,-1,-1,-1,-1,0,-1,-1,-1
msp_1304,-1,-1,-1,-1,-1,-1,-1,-1,-1,-1,-1,-1
msp_1649,-1,-1,-1,-1,-1,-1,-1,-1,-1,-1,-1,-1
msp_1096,0,0,-1,-1,-1,-1,-1,-1,-1,-1,-1,-1
msp_1240,-1,-1,-1,-1,-1,-1,-1,-1,-1,-1,-1,-1
msp_0564,-1,-1,-1,-1,-1,-1,-1,-1,0,-1,-1,-1
msp_1085,0,-1,-1,-1,-1,-1,-1,-1,-1,-1,-1,-1
msp_0382,0,0,0,-1,0,0,-1,-1,-1,-1,-1,-1
msp_0909,-1,-1,-1,-1,0,-1,-1,-1,0,-1,-1,-1
msp_1589,-1,-1,-1,-1,-1,-1,-1,-1,-1,-1,-1,-1
msp_0441,0,0,0,-1,0,0,-1,-1,-1,-1,-1,-1
msp_1531c,-1,-1,-1,-1,-1,-1,-1,-1,-1,-1,-1,-1
msp_1296c,0,0,-1,0,-1,0,-1,-1,-1,-1,-1,-1
msp_1558,-1,-1,-1,-1,-1,-1,-1,-1,-1,-1,-1,-1
msp_1131,-1,-1,-1,0,-1,-1,-1,-1,-1,-1,-1,-1
msp_1979,-1,0,-1,-1,-1,-1,-1,-1,-1,-1,-1,-1
msp_0634,-1,-1,-1,-1,-1,-1,-1,-1,-1,-1,-1,-1
msp_1883,-1,-1,-1,-1,-1,-1,-1,-1,-1,-1,-1,-1
msp_1046,-1,0,-1,0,0,0,-1,-1,-1,-1,-1,-1
msp_0740,-1,-1,0,0,-1,-1,-1,-1,-1,-1,-1,-1
msp_0552,0,0,0,0,-1,-1,-1,-1,-1,-1,-1,-1
msp_0675,-1,-1,-1,-1,0,-1,-1,-1,0,-1,-1,-1
msp_1860,-1,-1,-1,-1,-1,-1,-1,-1,-1,-1,-1,-1
msp_1417,-1,-1,-1,-1,-1,-1,-1,-1,-1,-1,-1,-1
msp_1284,-1,-1,-1,-1,-1,-1,-1,-1,-1,-1,-1,-1
msp_0610,-1,-1,-1,-1,0,-1,-1,-1,-1,-1,-1,0
msp_0969,-1,-1,-1,-1,-1,-1,-1,-1,-1,-1,-1,-1
msp_0380,1,1,1,-1,-1,-1,-1,-1,-1,-1,-1,-1
msp_1624,-1,-1,-1,-1,-1,-1,-1,-1,-1,-1,-1,-1
msp_1358,-1,-1,-1,-1,-1,-1,-1,-1,-1,-1,-1,-1
msp_1778,-1,-1,-1,-1,-1,-1,-1,-1,-1,-1,-1,-1
msp_0532,-1,-1,-1,-1,0,-1,-1,-1,-1,-1,0,-1
msp_0494,-1,0,0,-1,-1,-1,-1,-1,-1,-1,-1,-1
msp_0155,-1,-1,-1,-1,-1,-1,-1,-1,-1,0,-1,-1
msp_0076,1,1,1,1,1,1,-1,-1,-1,-1,-1,-1
msp_1020,-1,-1,0,-1,0,0,-1,-1,-1,-1,-1,-1
msp_0895,-1,-1,-1,-1,-1,-1,1,1,1,1,1,1
msp_1123,-1,0,0,0,0,-1,-1,-1,-1,-1,-1,-1
msp_0551,0,0,0,-1,-1,-1,-1,-1,-1,-1,-1,-1
msp_1189,-1,-1,-1,-1,-1,-1,-1,-1,-1,-1,-1,-1
msp_0598,-1,-1,-1,-1,-1,-1,-1,-1,-1,-1,-1,-1
msp_0253,-1,-1,-1,0,0,-1,0,-1,-1,-1,-1,-1
msp_1202,0,-1,-1,-1,-1,-1,-1,-1,-1,-1,-1,-1
msp_0973,0,-1,-1,-1,-1,-1,-1,-1,-1,-1,-1,-1
msp_0454,-1,0,0,0,0,-1,-1,-1,-1,-1,-1,-1
msp_1554c,-1,-1,-1,-1,-1,-1,-1,-1,-1,-1,-1,-1
msp_0410,-1,0,0,-1,0,-1,-1,-1,-1,-1,-1,-1
msp_0140,-1,-1,0,0,0,-1,0,-1,0,-1,-1,-1
msp_1824,-1,-1,-1,-1,-1,-1,-1,-1,-1,-1,-1,-1
msp_1305,0,-1,-1,-1,-1,-1,-1,-1,-1,-1,-1,-1
msp_1492,-1,0,-1,-1,-1,0,-1,-1,-1,-1,-1,-1
msp_1274,-1,-1,-1,-1,-1,-1,-1,-1,-1,-1,-1,-1
msp_0394,-1,-1,0,-1,-1,-1,-1,-1,-1,-1,-1,-1
msp_0972,-1,-1,-1,-1,-1,-1,-1,-1,-1,-1,-1,-1
msp_0214,-1,-1,-1,-1,-1,-1,-1,-1,-1,-1,-1,-1
msp_0404,-1,0,0,-1,-1,-1,-1,-1,-1,-1,-1,-1
msp_0767,-1,-1,-1,0,-1,-1,-1,-1,-1,-1,-1,-1
msp_0148c,-1,-1,-1,0,0,-1,-1,-1,-1,-1,0,-1
msp_1280,-1,-1,-1,-1,-1,-1,-1,-1,-1,-1,-1,-1
msp_1193,-1,-1,-1,-1,-1,-1,-1,-1,-1,-1,-1,-1
msp_0011,-1,-1,0,-1,-1,-1,-1,-1,-1,-1,-1,-1
msp_0824,-1,-1,-1,-1,-1,-1,-1,-1,0,-1,-1,-1
msp_0139,-1,-1,0,-1,-1,-1,-1,-1,-1,-1,-1,-1
msp_0548,0,-1,0,-1,0,-1,-1,-1,-1,-1,-1,-1
msp_0878,-1,0,-1,-1,-1,-1,-1,-1,-1,-1,-1,-1
msp_1993,-1,-1,-1,-1,-1,-1,-1,-1,-1,-1,-1,-1
msp_0763,-1,0,0,0,-1,-1,-1,-1,-1,-1,-1,-1
msp_0698,0,-1,0,-1,-1,-1,-1,-1,-1,-1,-1,-1
msp_0786,-1,-1,-1,-1,-1,-1,-1,-1,-1,-1,-1,-1
msp_0514,-1,0,0,-1,-1,-1,-1,-1,-1,-1,-1,-1
msp_1421,0,-1,-1,-1,-1,-1,-1,-1,-1,-1,-1,-1
msp_0179,-1,0,0,-1,0,-1,-1,-1,-1,-1,-1,-1
msp_1849,-1,-1,-1,-1,-1,-1,-1,-1,-1,-1,-1,-1
msp_1474,-1,-1,-1,-1,-1,-1,-1,-1,-1,-1,-1,-1
msp_0890c,-1,-1,-1,-1,-1,-1,-1,-1,-1,-1,-1,-1
msp_0295,-1,-1,-1,0,0,-1,0,-1,0,0,-1,-1
msp_0146c,-1,0,-1,-1,0,-1,-1,-1,-1,-1,-1,-1
msp_1978,-1,-1,0,-1,-1,-1,-1,-1,-1,-1,-1,-1
msp_0873,-1,0,-1,0,-1,-1,-1,-1,-1,-1,-1,-1
msp_1494c,-1,-1,-1,-1,-1,-1,-1,-1,-1,-1,-1,-1
msp_1136,-1,0,-1,-1,-1,-1,-1,-1,-1,-1,-1,-1
msp_1277,-1,-1,-1,-1,-1,-1,0,-1,-1,-1,-1,-1
msp_1848,-1,-1,-1,-1,-1,-1,-1,-1,0,-1,-1,-1
msp_1330,-1,-1,-1,-1,-1,-1,-1,-1,-1,-1,-1,-1
msp_0899,0,-1,-1,-1,-1,-1,-1,-1,-1,-1,-1,-1
msp_0367,-1,-1,0,-1,-1,-1,-1,-1,-1,-1,-1,-1
msp_1790,-1,-1,-1,-1,-1,-1,-1,-1,-1,-1,-1,-1
msp_0018,-1,0,0,-1,0,0,-1,-1,-1,-1,-1,-1
msp_1250,-1,-1,-1,-1,-1,-1,-1,-1,-1,-1,-1,-1
msp_0710,-1,-1,-1,-1,-1,-1,-1,-1,-1,-1,-1,-1
msp_0265,0,0,0,0,-1,-1,-1,-1,-1,-1,-1,-1
msp_0814,-1,0,-1,-1,-1,0,-1,-1,-1,-1,-1,-1
msp_0558,0,0,0,-1,0,-1,-1,-1,-1,-1,-1,-1
msp_0690,-1,0,0,0,-1,-1,-1,-1,-1,-1,-1,-1
msp_0484,0,0,0,0,-1,-1,-1,-1,-1,-1,-1,-1
msp_0366,-1,-1,0,0,0,-1,-1,-1,-1,-1,-1,-1
msp_0736c,-1,-1,-1,-1,-1,-1,-1,-1,-1,-1,-1,-1
msp_1396c,-1,-1,-1,-1,-1,-1,-1,-1,-1,-1,-1,-1
msp_1526,-1,-1,-1,-1,-1,-1,0,0,0,-1,-1,-1
msp_0054,-1,-1,0,-1,-1,-1,-1,-1,-1,-1,-1,-1
msp_0606,-1,-1,0,-1,-1,-1,-1,-1,-1,-1,-1,-1
msp_1836,-1,-1,-1,-1,-1,-1,-1,-1,-1,-1,-1,-1
msp_0325,0,0,0,-1,0,-1,-1,-1,-1,-1,-1,-1
msp_0088,-1,-1,-1,-1,-1,-1,-1,-1,-1,-1,-1,-1
msp_1866,-1,-1,-1,-1,-1,-1,-1,-1,-1,-1,-1,-1
msp_1475,-1,-1,-1,-1,-1,-1,-1,-1,-1,-1,-1,-1
msp_0924,-1,-1,-1,-1,0,-1,-1,-1,-1,-1,-1,-1
msp_0199,-1,-1,-1,-1,-1,-1,-1,-1,-1,-1,-1,-1
msp_1239,0,-1,-1,-1,-1,-1,-1,-1,-1,-1,-1,-1
msp_0524,0,0,0,-1,-1,-1,-1,-1,-1,-1,-1,-1
msp_1962,-1,-1,-1,-1,-1,-1,-1,-1,-1,-1,-1,-1
msp_0570,-1,0,-1,-1,-1,-1,-1,-1,-1,-1,-1,-1
msp_0334,-1,-1,0,-1,0,-1,-1,-1,-1,-1,-1,-1
msp_0261,-1,-1,-1,-1,-1,-1,-1,-1,-1,-1,-1,-1
msp_0616,-1,-1,-1,-1,-1,-1,-1,-1,-1,-1,-1,-1
msp_0136,-1,-1,0,-1,-1,-1,-1,-1,-1,-1,-1,-1
msp_0668,-1,-1,0,-1,-1,-1,-1,-1,-1,-1,-1,-1
msp_1238,-1,-1,-1,-1,-1,-1,-1,-1,-1,-1,-1,-1
msp_0642,-1,-1,-1,-1,-1,-1,0,0,0,0,0,0
msp_0858,-1,-1,-1,-1,-1,-1,-1,-1,-1,-1,-1,-1
msp_0497,-1,-1,0,0,-1,-1,0,-1,-1,-1,-1,-1
msp_0671,0,-1,0,-1,0,-1,-1,-1,-1,-1,-1,-1
msp_0728,0,0,-1,-1,-1,0,-1,-1,-1,-1,-1,-1
msp_1984,-1,-1,-1,-1,-1,-1,-1,-1,-1,-1,-1,-1
msp_1783,-1,-1,-1,-1,-1,-1,-1,-1,-1,-1,-1,-1
msp_0312,0,0,0,-1,-1,-1,-1,-1,-1,-1,-1,-1
msp_0735,0,-1,0,-1,-1,0,-1,-1,-1,-1,-1,-1
msp_1259c,-1,-1,-1,-1,0,-1,-1,-1,-1,-1,-1,-1
msp_0307,0,0,0,0,-1,0,-1,-1,-1,-1,-1,-1
msp_1236,-1,-1,-1,-1,-1,0,-1,-1,-1,-1,-1,-1
msp_1834,-1,-1,-1,-1,-1,-1,-1,-1,-1,-1,-1,-1
msp_0724,-1,-1,-1,-1,0,-1,-1,-1,0,-1,-1,-1
msp_1354,-1,-1,-1,-1,-1,-1,-1,-1,-1,-1,-1,-1
msp_0252,-1,-1,0,-1,-1,-1,-1,-1,-1,-1,-1,-1
msp_0520c,-1,-1,-1,-1,-1,-1,-1,-1,-1,-1,-1,-1
msp_0937,-1,-1,-1,-1,0,-1,-1,-1,0,-1,-1,-1
msp_0627,-1,0,-1,-1,-1,-1,-1,-1,-1,-1,-1,-1
msp_0693,-1,0,-1,0,-1,0,-1,-1,-1,-1,-1,-1
msp_1968,-1,-1,-1,-1,-1,-1,-1,-1,-1,-1,-1,-1
msp_0108,-1,-1,0,0,0,-1,0,-1,0,-1,-1,-1
msp_1233,-1,-1,-1,-1,-1,-1,-1,-1,-1,-1,-1,-1
msp_2002,-1,-1,-1,-1,-1,-1,-1,-1,-1,-1,-1,-1
msp_0351,-1,-1,-1,-1,-1,-1,-1,-1,-1,-1,-1,-1
msp_0701,-1,0,0,-1,-1,0,-1,-1,-1,-1,-1,-1
msp_0293,-1,-1,0,-1,-1,-1,-1,-1,-1,-1,-1,-1
msp_1782,-1,-1,-1,-1,-1,-1,-1,-1,-1,-1,-1,-1
msp_0877,0,-1,-1,-1,-1,-1,-1,-1,-1,-1,-1,-1
msp_0704,-1,-1,0,-1,-1,-1,-1,-1,-1,-1,-1,-1
msp_1285,-1,-1,-1,-1,-1,-1,-1,-1,-1,-1,-1,-1
msp_0892,0,0,0,-1,-1,-1,-1,-1,-1,-1,-1,-1
msp_0495,-1,-1,0,-1,-1,-1,-1,-1,-1,-1,-1,-1
msp_0798,-1,-1,-1,-1,-1,-1,-1,-1,-1,-1,-1,-1
msp_1437,-1,0,-1,-1,-1,-1,-1,-1,-1,-1,-1,-1
msp_1728,-1,-1,-1,-1,0,-1,-1,-1,-1,-1,-1,-1
msp_0159,-1,-1,-1,-1,-1,-1,-1,-1,-1,-1,-1,0
msp_1197,-1,-1,-1,-1,-1,-1,-1,-1,-1,-1,-1,-1
msp_1820,-1,0,0,0,0,0,-1,-1,-1,-1,-1,-1
msp_0794,-1,-1,-1,0,-1,-1,-1,-1,-1,-1,-1,-1
msp_1070,0,0,-1,-1,-1,0,-1,-1,-1,-1,-1,-1
msp_1389,-1,-1,-1,-1,-1,-1,-1,-1,-1,-1,-1,-1
msp_0101,-1,-1,0,-1,-1,-1,-1,-1,-1,-1,-1,-1
msp_0438,-1,-1,-1,-1,-1,-1,-1,-1,-1,-1,-1,-1
msp_1025,-1,-1,-1,-1,-1,-1,-1,-1,-1,-1,-1,-1
msp_0170,-1,-1,-1,-1,-1,-1,1,1,1,1,1,1
msp_0408,-1,-1,0,-1,-1,-1,0,-1,-1,-1,-1,-1
msp_1659c,-1,-1,-1,-1,-1,-1,-1,-1,-1,-1,-1,-1
msp_0815,-1,-1,-1,-1,-1,-1,-1,-1,-1,-1,-1,-1
msp_2068,-1,-1,-1,-1,-1,-1,-1,-1,-1,-1,-1,-1
msp_0721,-1,-1,0,-1,-1,-1,-1,-1,-1,-1,-1,-1
msp_1320c,-1,-1,-1,-1,-1,-1,-1,-1,-1,-1,-1,-1
msp_1737,-1,-1,0,-1,-1,-1,-1,-1,-1,-1,-1,-1
msp_0038,-1,-1,0,-1,-1,-1,-1,0,-1,-1,-1,-1
msp_1661,-1,-1,-1,-1,-1,-1,-1,-1,-1,-1,-1,-1
msp_0958,-1,-1,0,-1,-1,-1,-1,-1,-1,-1,-1,-1
msp_0825,-1,0,0,-1,-1,-1,-1,-1,-1,-1,-1,-1
msp_0988,-1,-1,-1,-1,-1,-1,-1,-1,-1,-1,-1,-1
msp_0579,-1,0,-1,-1,-1,-1,-1,-1,-1,-1,-1,-1
msp_0603c,-1,-1,-1,0,0,-1,0,-1,-1,-1,-1,0
msp_0747,0,0,0,-1,-1,-1,-1,-1,-1,-1,-1,-1
msp_0657,0,-1,0,-1,-1,-1,-1,-1,-1,-1,-1,-1
msp_1419,-1,-1,-1,-1,0,-1,-1,-1,-1,-1,-1,-1
msp_1300c,-1,-1,-1,-1,-1,-1,-1,-1,-1,-1,-1,-1
msp_0459,0,-1,0,-1,-1,0,-1,-1,-1,-1,-1,-1
msp_1523,-1,-1,-1,-1,-1,-1,-1,-1,-1,-1,-1,-1
msp_1412,-1,-1,-1,-1,-1,-1,-1,-1,-1,-1,-1,-1
msp_1869,-1,-1,-1,-1,-1,-1,-1,-1,-1,-1,-1,-1
msp_1741,-1,-1,-1,-1,-1,-1,-1,-1,-1,-1,-1,-1
msp_0274,-1,0,0,0,-1,0,-1,-1,-1,-1,-1,-1
msp_0212,-1,-1,-1,-1,0,-1,-1,-1,-1,-1,-1,-1
msp_0003,-1,-1,0,-1,-1,-1,-1,-1,-1,-1,-1,-1
msp_0666,-1,-1,-1,0,0,-1,-1,-1,-1,-1,-1,-1
msp_0547,-1,-1,-1,-1,-1,-1,-1,-1,-1,-1,-1,-1
msp_1568,-1,-1,-1,-1,-1,-1,-1,-1,-1,-1,-1,-1
msp_0202,-1,-1,-1,-1,0,-1,0,-1,0,-1,-1,-1
msp_0777,-1,0,0,0,-1,-1,-1,-1,-1,-1,-1,-1
msp_0326,-1,-1,-1,-1,-1,-1,-1,-1,-1,-1,-1,-1
msp_0545,0,-1,0,-1,-1,-1,-1,-1,-1,-1,-1,-1
msp_0863,-1,0,0,-1,-1,-1,-1,-1,-1,-1,-1,-1
msp_1484,-1,-1,0,-1,-1,-1,-1,-1,-1,-1,-1,-1
msp_1282,0,-1,-1,-1,-1,-1,-1,-1,-1,-1,-1,-1
msp_1805,-1,-1,-1,-1,-1,-1,-1,-1,-1,-1,-1,-1
msp_0527,0,-1,-1,-1,-1,-1,-1,-1,-1,-1,-1,-1
msp_0590,-1,-1,-1,-1,-1,-1,-1,-1,-1,-1,-1,-1
msp_1864,-1,0,-1,-1,-1,-1,-1,-1,-1,-1,-1,-1
msp_0345,-1,0,0,0,-1,-1,-1,-1,-1,-1,-1,-1
msp_1244,-1,-1,-1,-1,-1,-1,-1,-1,-1,-1,-1,-1
msp_1425,-1,-1,-1,-1,-1,-1,-1,-1,-1,-1,-1,-1
msp_0933,0,0,0,0,0,-1,-1,-1,-1,-1,-1,-1
msp_0398,-1,0,0,0,-1,-1,-1,-1,-1,-1,-1,-1
msp_0456,0,0,0,-1,-1,-1,-1,-1,-1,-1,-1,-1
msp_0009,-1,0,0,0,-1,0,-1,-1,-1,-1,-1,-1
msp_1597,-1,-1,-1,-1,-1,-1,-1,-1,-1,-1,-1,-1
msp_1566,0,-1,-1,-1,-1,-1,-1,-1,-1,-1,-1,-1
msp_1044,-1,-1,-1,0,-1,-1,-1,-1,-1,-1,-1,-1
msp_0880,-1,-1,-1,-1,-1,-1,-1,-1,-1,-1,-1,-1
msp_0153,0,-1,0,-1,0,-1,-1,-1,-1,-1,-1,-1
msp_0169,0,-1,0,0,0,-1,-1,-1,-1,-1,-1,-1
msp_0447,-1,-1,0,-1,-1,-1,-1,-1,-1,-1,-1,-1
msp_1837,-1,-1,-1,-1,-1,-1,-1,-1,-1,-1,-1,-1
msp_0078,-1,-1,0,-1,-1,-1,-1,-1,-1,-1,-1,-1
msp_1168,-1,-1,-1,-1,-1,-1,-1,-1,-1,-1,-1,-1
msp_1887,-1,-1,-1,-1,-1,-1,-1,-1,-1,-1,-1,-1
msp_0081,-1,-1,-1,-1,-1,-1,-1,-1,-1,-1,-1,-1
msp_0916,-1,0,-1,-1,-1,-1,-1,-1,-1,-1,-1,-1
msp_0037,-1,-1,0,-1,-1,-1,-1,-1,-1,-1,-1,-1
msp_1683,-1,-1,-1,-1,-1,-1,-1,-1,-1,-1,-1,-1
msp_0893,-1,0,0,-1,-1,-1,-1,-1,-1,-1,-1,-1
msp_0631,-1,-1,-1,-1,-1,-1,-1,-1,-1,-1,-1,-1
msp_0377,-1,-1,0,-1,-1,-1,-1,-1,-1,-1,-1,-1
msp_0868,0,-1,0,-1,-1,-1,-1,-1,-1,-1,-1,-1
msp_1272,-1,-1,-1,-1,-1,-1,-1,-1,-1,-1,-1,-1
msp_0588,-1,-1,-1,-1,-1,-1,-1,-1,-1,-1,-1,-1
msp_0224,-1,-1,-1,-1,-1,-1,-1,-1,-1,-1,-1,-1
msp_1106,-1,-1,-1,-1,-1,-1,-1,-1,-1,-1,-1,-1
msp_2066,-1,-1,-1,-1,-1,-1,-1,-1,-1,-1,-1,-1
msp_1245,-1,-1,-1,-1,-1,-1,-1,-1,-1,-1,-1,-1
msp_0142,-1,0,0,0,0,0,-1,-1,-1,-1,-1,-1
msp_0706,0,-1,0,0,-1,-1,-1,-1,-1,-1,-1,-1
msp_1322,-1,-1,-1,-1,-1,-1,-1,-1,-1,-1,-1,-1
msp_1312,-1,-1,-1,-1,-1,-1,-1,-1,-1,-1,-1,-1
msp_1640,-1,-1,-1,-1,-1,-1,-1,-1,-1,-1,-1,-1
msp_1555c,-1,-1,-1,-1,-1,-1,-1,-1,-1,-1,-1,-1
msp_1541,-1,0,-1,-1,-1,-1,-1,-1,-1,-1,-1,-1
msp_1019,-1,-1,-1,-1,-1,-1,0,-1,0,-1,-1,-1
msp_1360,-1,-1,-1,-1,-1,-1,-1,-1,-1,-1,-1,-1
msp_1172,0,-1,-1,-1,-1,-1,-1,-1,-1,-1,-1,-1
msp_0160,0,-1,0,0,-1,-1,-1,-1,-1,-1,-1,-1
msp_1313,-1,-1,-1,-1,-1,-1,-1,-1,-1,-1,-1,-1
msp_1125,-1,-1,-1,-1,-1,-1,-1,-1,-1,-1,-1,-1
msp_0164,-1,-1,0,0,0,0,-1,-1,-1,-1,-1,-1
msp_1428,-1,-1,-1,-1,-1,0,-1,-1,-1,-1,-1,-1
msp_0828,0,-1,0,-1,-1,-1,-1,-1,-1,-1,-1,-1
msp_0596,-1,0,0,-1,-1,-1,-1,-1,-1,-1,-1,-1
msp_0389,0,0,0,0,-1,-1,-1,-1,-1,-1,-1,-1
msp_0111,-1,0,0,0,-1,-1,-1,-1,-1,-1,-1,-1
msp_1613,-1,-1,0,-1,0,-1,0,-1,-1,-1,-1,0
msp_0894,-1,-1,-1,-1,-1,-1,-1,-1,-1,-1,-1,-1
msp_1035,-1,-1,-1,-1,-1,-1,-1,-1,-1,-1,-1,-1
msp_0501,-1,-1,0,0,0,-1,-1,-1,-1,-1,-1,-1
msp_1371,-1,-1,-1,-1,-1,-1,-1,-1,-1,-1,-1,-1
msp_1788,-1,0,-1,0,0,-1,-1,-1,-1,-1,-1,-1
msp_2014,-1,-1,-1,-1,-1,-1,-1,-1,-1,-1,-1,-1
msp_1578c,-1,-1,-1,-1,-1,-1,-1,-1,-1,-1,-1,-1
msp_1691,-1,-1,-1,-1,-1,-1,0,-1,-1,-1,-1,-1
msp_0707,-1,-1,0,-1,-1,-1,-1,-1,-1,-1,-1,-1
msp_0419,-1,-1,-1,-1,-1,-1,-1,-1,-1,-1,-1,-1
msp_0241,-1,-1,-1,-1,-1,-1,0,-1,0,-1,-1,-1
msp_1631,-1,-1,-1,-1,-1,-1,-1,-1,-1,-1,-1,-1
msp_0440,0,0,0,0,0,0,-1,-1,-1,-1,-1,-1
msp_1113c,-1,-1,-1,-1,-1,-1,-1,-1,-1,-1,-1,-1
msp_0857,-1,-1,-1,-1,-1,-1,-1,-1,-1,-1,-1,-1
msp_0321,0,0,0,-1,0,-1,-1,-1,-1,-1,-1,-1
msp_0819,-1,-1,-1,-1,-1,-1,-1,-1,0,-1,-1,-1
msp_0709,-1,0,0,-1,-1,-1,-1,-1,-1,-1,-1,-1
msp_0519,-1,-1,0,-1,-1,-1,-1,-1,-1,-1,-1,-1
msp_0263,-1,0,-1,-1,-1,-1,-1,-1,-1,-1,-1,-1
msp_1857,-1,-1,-1,-1,-1,-1,-1,-1,-1,-1,-1,-1
msp_0463,-1,-1,0,-1,-1,0,-1,-1,-1,-1,-1,-1
msp_0667,-1,-1,-1,-1,-1,-1,-1,-1,-1,-1,-1,-1
msp_0679,-1,-1,-1,-1,-1,-1,-1,-1,-1,-1,-1,-1
msp_0131,-1,-1,0,-1,0,-1,0,-1,-1,-1,-1,-1
msp_1405,-1,-1,-1,0,-1,-1,-1,-1,-1,-1,-1,-1
msp_0412,-1,-1,0,-1,-1,-1,-1,-1,-1,-1,-1,-1
msp_1130,-1,-1,-1,-1,-1,-1,-1,-1,-1,-1,-1,-1
msp_0336,-1,-1,0,-1,-1,-1,-1,-1,-1,-1,-1,-1
msp_1438,-1,0,-1,-1,-1,-1,-1,-1,-1,-1,-1,-1
msp_1992,-1,-1,-1,-1,-1,-1,-1,-1,-1,-1,-1,-1
msp_1021,0,0,-1,-1,-1,-1,-1,-1,-1,-1,-1,-1
msp_0914,0,-1,-1,-1,-1,-1,-1,-1,-1,-1,-1,-1
msp_1196,0,0,-1,-1,-1,-1,-1,-1,-1,-1,-1,-1
msp_1815,-1,-1,-1,-1,0,-1,-1,-1,0,-1,-1,-1
msp_0915c,-1,-1,-1,-1,-1,-1,-1,-1,0,-1,-1,-1
msp_0599,-1,-1,-1,-1,-1,-1,-1,-1,-1,-1,-1,-1
msp_0288,-1,-1,-1,-1,0,-1,-1,-1,0,-1,-1,-1
msp_0739c,-1,-1,-1,-1,-1,-1,-1,-1,-1,-1,-1,-1
msp_1648,-1,-1,-1,-1,-1,-1,-1,-1,-1,-1,-1,-1
msp_0132,-1,-1,0,-1,-1,-1,-1,-1,-1,-1,-1,-1
msp_1479,-1,0,-1,-1,-1,-1,-1,-1,-1,-1,-1,-1
msp_0379,0,0,0,0,-1,0,-1,-1,-1,-1,-1,-1
msp_1365,-1,-1,0,0,-1,-1,-1,-1,-1,-1,-1,-1
msp_0221,-1,-1,0,-1,-1,-1,0,-1,-1,-1,-1,-1
msp_0085,-1,0,0,-1,0,0,-1,-1,-1,-1,-1,-1
msp_0235,-1,-1,0,-1,-1,-1,-1,-1,-1,-1,-1,-1
msp_0213,-1,-1,0,-1,0,0,-1,-1,-1,-1,-1,-1
msp_0804,-1,-1,-1,-1,-1,0,-1,-1,-1,-1,-1,-1
msp_1104,-1,-1,-1,-1,-1,-1,-1,-1,-1,-1,-1,-1
msp_0499,-1,0,0,-1,0,-1,-1,-1,-1,-1,-1,-1
msp_0581,-1,0,0,0,-1,-1,-1,-1,-1,-1,-1,-1
msp_0536,-1,-1,-1,-1,-1,-1,-1,-1,-1,-1,-1,-1
msp_1390,-1,-1,-1,-1,0,-1,-1,-1,0,-1,-1,-1
msp_0510,0,0,0,0,-1,-1,-1,-1,-1,-1,-1,-1
msp_0019,-1,-1,0,-1,-1,-1,-1,-1,-1,-1,-1,-1
msp_0151,-1,-1,-1,-1,-1,-1,-1,-1,-1,-1,-1,-1
msp_1194,-1,0,-1,-1,-1,0,-1,-1,-1,-1,-1,-1
msp_0711c,-1,-1,-1,-1,-1,-1,-1,-1,-1,-1,-1,-1
msp_1346c,-1,-1,-1,-1,-1,-1,-1,-1,-1,-1,-1,-1
msp_0350,-1,0,0,-1,-1,-1,-1,-1,-1,-1,-1,-1
msp_0371,-1,0,0,-1,-1,-1,-1,-1,-1,-1,-1,-1
msp_1827,-1,-1,-1,-1,-1,-1,-1,-1,-1,-1,-1,-1
msp_0680c,-1,-1,-1,-1,-1,-1,-1,-1,-1,-1,-1,-1
msp_1329,-1,-1,-1,0,0,-1,-1,-1,-1,-1,0,-1
msp_1606c,-1,-1,-1,-1,-1,-1,-1,-1,-1,-1,-1,-1
msp_0589c,-1,-1,0,-1,-1,-1,-1,-1,-1,-1,-1,-1
msp_1995,-1,-1,-1,-1,-1,-1,-1,-1,-1,-1,-1,-1
msp_1524,-1,0,-1,-1,-1,-1,-1,-1,-1,-1,-1,-1
msp_1684,-1,0,-1,-1,-1,-1,-1,-1,-1,-1,-1,-1
msp_1901,-1,-1,-1,-1,-1,-1,-1,-1,-1,-1,-1,-1
msp_1084,0,0,-1,-1,-1,-1,-1,-1,-1,-1,-1,-1
msp_0103,0,-1,0,-1,0,-1,-1,-1,-1,-1,-1,-1
msp_0976,-1,0,-1,-1,-1,-1,-1,-1,-1,-1,-1,-1
msp_1840,-1,-1,-1,-1,-1,-1,-1,-1,-1,0,-1,-1
msp_1605,-1,0,-1,-1,-1,-1,-1,-1,-1,-1,-1,-1
msp_0595,-1,-1,-1,0,-1,-1,-1,-1,-1,-1,-1,-1
msp_0888,-1,-1,-1,-1,-1,-1,-1,-1,-1,-1,-1,-1
msp_1802,-1,-1,-1,-1,-1,-1,-1,-1,-1,-1,-1,-1
msp_0648,0,-1,-1,0,-1,-1,-1,-1,-1,-1,-1,-1
msp_1488,-1,-1,-1,-1,-1,-1,-1,-1,-1,-1,-1,-1
msp_0837,-1,0,0,-1,-1,-1,-1,-1,-1,-1,-1,-1
msp_0885,-1,-1,0,-1,-1,-1,-1,-1,-1,-1,-1,-1
msp_1641,-1,-1,-1,-1,-1,0,-1,-1,-1,-1,-1,-1
msp_0297,-1,0,-1,-1,-1,-1,-1,-1,-1,-1,-1,-1
msp_1266,-1,-1,-1,-1,-1,-1,-1,-1,-1,-1,-1,-1
msp_1404,-1,-1,-1,-1,-1,-1,-1,-1,-1,-1,-1,-1
msp_0029,-1,-1,0,-1,0,-1,-1,-1,-1,-1,-1,-1
msp_1036,-1,-1,-1,-1,0,-1,-1,-1,-1,-1,-1,-1
msp_1622,-1,-1,-1,-1,-1,-1,-1,-1,-1,-1,-1,-1
msp_0069,-1,-1,0,-1,-1,-1,-1,-1,-1,-1,-1,-1
msp_1546,-1,-1,-1,-1,-1,-1,-1,-1,-1,-1,-1,-1
msp_1401c,-1,0,-1,-1,-1,-1,-1,-1,-1,-1,-1,-1
msp_0505,-1,-1,0,0,-1,-1,-1,-1,-1,-1,-1,-1
msp_1353,-1,0,-1,-1,-1,0,-1,-1,-1,-1,-1,-1
msp_1388,-1,0,-1,-1,-1,0,-1,-1,-1,-1,-1,-1
msp_0677c,-1,-1,-1,0,0,-1,-1,-1,-1,-1,-1,-1
msp_1278,-1,-1,-1,-1,-1,-1,-1,-1,-1,-1,-1,-1
msp_0793,-1,-1,0,-1,-1,-1,-1,-1,-1,-1,-1,-1
msp_0860,0,0,0,0,0,0,-1,-1,-1,-1,-1,-1
msp_0339,-1,-1,-1,-1,-1,-1,-1,-1,-1,-1,-1,-1
msp_0228,-1,-1,0,0,0,-1,0,-1,0,-1,-1,-1
msp_0833,-1,-1,-1,-1,-1,-1,-1,-1,-1,-1,-1,-1
msp_0760,0,0,0,-1,0,-1,-1,-1,-1,-1,-1,-1
msp_0373,-1,0,0,-1,-1,-1,-1,-1,-1,-1,-1,-1
msp_0328,-1,-1,-1,-1,-1,-1,-1,-1,0,-1,-1,-1
msp_0149,-1,-1,0,-1,-1,-1,-1,-1,-1,-1,-1,-1
msp_1525,-1,-1,-1,-1,-1,0,-1,-1,-1,-1,-1,-1
msp_0135,-1,0,-1,-1,-1,0,-1,-1,-1,-1,-1,-1
msp_0949,0,-1,-1,-1,-1,-1,-1,-1,-1,-1,-1,-1
msp_1528,-1,-1,-1,-1,-1,-1,-1,-1,-1,-1,-1,-1
msp_1030,-1,-1,-1,0,-1,-1,-1,-1,-1,-1,-1,-1
msp_0187,-1,-1,0,-1,-1,-1,-1,-1,-1,-1,-1,-1
msp_1213,-1,0,-1,-1,-1,-1,-1,-1,-1,-1,-1,-1
msp_1056,-1,-1,-1,-1,0,-1,0,-1,-1,-1,-1,-1
msp_0099,-1,-1,-1,-1,-1,-1,-1,-1,-1,-1,-1,-1
msp_0902,0,0,-1,-1,-1,-1,-1,-1,-1,-1,-1,-1
msp_0055,0,0,0,0,-1,-1,-1,-1,-1,-1,-1,0
msp_0451,-1,0,0,-1,0,-1,-1,-1,-1,-1,-1,-1
msp_0388,-1,0,0,0,-1,-1,-1,-1,-1,-1,-1,-1
msp_1947,-1,-1,-1,-1,-1,-1,-1,-1,-1,-1,-1,-1
msp_1276,-1,-1,-1,-1,-1,-1,0,0,0,-1,-1,-1
msp_0230,-1,-1,-1,-1,-1,-1,-1,-1,-1,-1,-1,-1
msp_1501,-1,-1,-1,-1,-1,0,-1,-1,-1,-1,-1,-1
msp_1150,-1,0,-1,-1,-1,-1,-1,-1,-1,-1,-1,-1
msp_0992,-1,-1,-1,-1,0,-1,-1,-1,-1,-1,-1,-1
msp_0303,0,0,0,-1,-1,-1,-1,-1,-1,-1,-1,-1
msp_0565,0,0,0,-1,-1,-1,-1,-1,-1,-1,-1,-1
msp_0466,-1,-1,-1,-1,0,-1,0,-1,0,-1,-1,-1
msp_0066,-1,0,0,0,-1,-1,-1,-1,-1,-1,-1,-1
msp_1209,-1,-1,-1,-1,-1,-1,-1,-1,-1,-1,-1,-1
msp_0950c,-1,-1,-1,-1,-1,-1,-1,-1,-1,-1,-1,-1
msp_0290,0,0,0,-1,0,-1,-1,-1,-1,-1,-1,-1
msp_1674,-1,-1,-1,-1,-1,-1,-1,-1,-1,-1,-1,-1
msp_2127,-1,-1,-1,-1,-1,-1,-1,-1,-1,-1,-1,-1
msp_1476,-1,-1,-1,-1,-1,-1,0,-1,0,-1,-1,-1
msp_0180,0,0,0,0,0,0,-1,-1,-1,-1,-1,-1
msp_0989,-1,-1,0,-1,-1,-1,-1,-1,-1,-1,-1,-1
msp_0626,-1,-1,-1,-1,0,-1,0,-1,0,0,-1,-1
msp_1828,-1,-1,-1,-1,-1,-1,-1,-1,-1,-1,-1,-1
msp_0460,-1,-1,-1,-1,-1,-1,-1,-1,-1,-1,-1,-1
msp_0840,-1,0,-1,-1,-1,-1,-1,-1,-1,-1,-1,-1
msp_0375,-1,-1,-1,-1,-1,-1,0,0,0,0,0,0
msp_0945,-1,0,-1,0,-1,-1,-1,-1,-1,-1,-1,-1
msp_0358,-1,-1,0,-1,-1,-1,-1,-1,-1,-1,-1,-1
msp_0125,-1,0,0,-1,-1,-1,-1,-1,-1,-1,-1,-1
msp_0017,0,0,0,0,-1,0,-1,-1,-1,-1,-1,-1
msp_0748,-1,-1,-1,-1,-1,-1,-1,-1,-1,-1,-1,-1
msp_0369,-1,-1,-1,0,0,-1,0,-1,0,0,-1,-1
msp_0387,0,-1,0,-1,-1,-1,-1,-1,-1,-1,-1,-1
msp_0445,-1,-1,0,-1,-1,-1,-1,-1,-1,-1,-1,-1
msp_1403,-1,-1,-1,-1,-1,0,-1,-1,-1,-1,-1,-1
msp_0317,-1,0,0,0,-1,-1,-1,-1,-1,-1,-1,-1
msp_1556,-1,-1,-1,-1,-1,-1,-1,-1,-1,-1,-1,-1
msp_0304,-1,-1,-1,-1,-1,-1,-1,-1,-1,-1,-1,-1
msp_0397,-1,-1,-1,-1,-1,-1,-1,-1,-1,-1,-1,-1
msp_0024,-1,0,0,0,0,0,-1,-1,-1,-1,-1,-1
msp_0525,-1,-1,-1,-1,-1,-1,-1,-1,-1,-1,-1,-1
msp_0983,0,0,-1,-1,-1,-1,-1,-1,-1,-1,-1,-1
msp_0183,-1,-1,-1,-1,-1,-1,0,0,0,-1,0,-1
msp_1490,-1,-1,-1,-1,-1,-1,-1,-1,-1,-1,-1,-1
msp_1100,-1,-1,-1,-1,-1,-1,-1,-1,-1,-1,-1,-1
msp_0046,-1,-1,0,-1,-1,-1,-1,-1,-1,-1,-1,-1
msp_0390,-1,-1,0,-1,-1,-1,-1,-1,-1,-1,-1,-1
msp_0900,-1,0,-1,-1,-1,-1,-1,-1,-1,-1,-1,-1
msp_0306,0,0,0,-1,-1,-1,-1,-1,-1,-1,-1,-1
msp_0301,-1,0,0,0,-1,-1,-1,-1,-1,-1,-1,-1
msp_0488,-1,-1,0,0,-1,-1,0,-1,-1,-1,-1,-1
msp_1533,-1,-1,-1,-1,-1,-1,-1,-1,-1,-1,-1,-1
msp_1770,-1,-1,-1,-1,-1,-1,-1,-1,-1,-1,-1,-1
msp_0879,0,-1,-1,0,-1,-1,-1,-1,-1,-1,-1,-1
msp_1252,-1,-1,-1,-1,-1,-1,-1,-1,-1,-1,-1,-1
msp_1577,-1,0,-1,0,-1,-1,-1,-1,-1,-1,-1,-1
msp_1017,-1,0,-1,-1,-1,0,-1,-1,-1,-1,-1,-1
msp_1242,-1,-1,-1,-1,-1,-1,-1,-1,-1,-1,-1,-1
msp_0161,-1,-1,0,-1,-1,-1,-1,-1,-1,-1,-1,-1
msp_1584,-1,-1,-1,-1,-1,-1,-1,-1,-1,-1,-1,-1
msp_1059c,0,-1,-1,-1,-1,-1,-1,-1,-1,-1,-1,-1
msp_1246,-1,-1,-1,-1,-1,-1,-1,-1,-1,-1,-1,-1
msp_1879,-1,-1,-1,-1,-1,-1,-1,-1,-1,-1,-1,-1
msp_1565,-1,-1,-1,-1,-1,-1,-1,-1,-1,-1,-1,-1
msp_0624,-1,-1,0,-1,-1,-1,-1,-1,-1,-1,-1,-1
msp_1549,-1,-1,-1,-1,-1,-1,-1,-1,-1,-1,-1,-1
msp_0057,0,0,0,-1,-1,-1,-1,-1,-1,-1,-1,-1
msp_0481,-1,-1,0,-1,0,-1,-1,-1,-1,-1,-1,-1
msp_1711,-1,0,-1,-1,-1,0,-1,-1,-1,-1,-1,-1
msp_0568,-1,-1,-1,-1,-1,-1,-1,-1,-1,-1,-1,-1
msp_1141,-1,-1,-1,-1,-1,-1,-1,-1,-1,-1,-1,-1
msp_0502,-1,-1,0,-1,-1,-1,-1,-1,-1,-1,-1,-1
msp_1143,-1,-1,-1,0,-1,-1,-1,-1,-1,-1,-1,-1
msp_0114,-1,-1,0,-1,-1,-1,-1,-1,-1,-1,-1,-1
msp_0193,0,0,0,0,-1,-1,-1,-1,-1,-1,-1,-1
msp_1217,-1,-1,-1,-1,-1,-1,-1,-1,-1,-1,-1,-1
msp_0516,-1,-1,-1,-1,-1,-1,-1,-1,-1,-1,0,-1
msp_0442,-1,0,-1,0,-1,-1,-1,-1,-1,-1,-1,-1
msp_0042,-1,0,0,-1,0,-1,-1,-1,-1,-1,-1,-1
msp_0712,-1,-1,-1,-1,-1,-1,0,-1,-1,-1,-1,-1
msp_1385,-1,0,-1,-1,-1,-1,-1,-1,-1,-1,-1,-1
msp_1014,-1,-1,-1,-1,-1,-1,-1,-1,-1,-1,-1,-1
msp_0632,-1,0,-1,-1,-1,-1,-1,-1,-1,-1,-1,-1
msp_1453,-1,-1,-1,-1,-1,-1,-1,-1,-1,-1,-1,-1
msp_0575,-1,0,-1,-1,0,-1,-1,-1,-1,-1,-1,-1
msp_2107,-1,-1,-1,-1,-1,-1,-1,-1,-1,-1,-1,-1
msp_1724,-1,-1,-1,-1,-1,-1,-1,-1,-1,-1,-1,-1
msp_0940,-1,-1,-1,0,-1,-1,-1,-1,-1,-1,-1,-1
msp_0861,-1,0,-1,-1,-1,-1,-1,-1,-1,-1,-1,-1
msp_0842,0,-1,0,-1,-1,-1,-1,-1,-1,-1,-1,-1
msp_0778,-1,-1,-1,0,-1,-1,-1,-1,-1,-1,-1,-1
msp_0965,-1,-1,-1,-1,-1,-1,-1,-1,-1,-1,-1,-1
msp_0393,-1,-1,0,-1,-1,-1,-1,-1,-1,-1,-1,-1
msp_0490,-1,0,0,-1,-1,-1,-1,-1,-1,-1,-1,-1
msp_1450,-1,-1,-1,-1,-1,-1,-1,-1,-1,-1,-1,-1
msp_0449,-1,0,0,-1,-1,0,-1,-1,-1,-1,-1,-1
msp_0557,-1,-1,-1,-1,0,-1,-1,-1,-1,-1,-1,-1
msp_0670,-1,-1,-1,-1,-1,-1,-1,-1,-1,-1,-1,-1
msp_0126,0,0,0,0,-1,-1,-1,-1,-1,-1,-1,-1
msp_0806,-1,-1,-1,-1,-1,-1,-1,-1,-1,-1,-1,-1
msp_0102,-1,-1,0,-1,-1,-1,-1,-1,-1,-1,-1,-1
msp_1325,-1,-1,-1,0,-1,-1,-1,-1,-1,-1,-1,-1
msp_1938,-1,-1,-1,-1,-1,-1,-1,-1,-1,-1,-1,-1
msp_1334,-1,-1,-1,-1,-1,0,-1,-1,-1,-1,-1,-1
msp_0123,-1,-1,-1,-1,-1,-1,-1,-1,-1,-1,-1,-1
msp_0311,-1,-1,0,0,-1,-1,-1,-1,-1,-1,-1,-1
msp_0576,0,0,0,-1,-1,-1,-1,-1,-1,-1,-1,-1
msp_1477,-1,0,0,-1,-1,-1,-1,-1,-1,-1,-1,-1
msp_0433,0,-1,0,-1,-1,-1,-1,-1,-1,-1,-1,-1
msp_1406,-1,-1,-1,-1,-1,-1,-1,-1,-1,-1,-1,-1
msp_0846,-1,-1,-1,-1,-1,-1,-1,-1,-1,-1,-1,-1
msp_1583,-1,-1,-1,-1,-1,-1,-1,-1,-1,-1,-1,-1
msp_0341,-1,-1,-1,-1,0,-1,0,-1,0,-1,-1,-1
msp_0467,0,0,0,-1,-1,-1,-1,-1,-1,-1,-1,-1
msp_1222,-1,-1,-1,-1,-1,-1,0,-1,-1,-1,-1,-1
msp_0987,-1,-1,-1,-1,-1,-1,-1,-1,-1,-1,-1,-1
msp_0266,-1,-1,0,0,0,-1,-1,-1,-1,-1,-1,0
msp_0789,-1,-1,-1,-1,-1,-1,-1,-1,-1,-1,-1,-1
msp_1838,-1,-1,-1,-1,0,-1,-1,-1,-1,-1,-1,0
msp_0061,-1,-1,-1,-1,-1,-1,-1,-1,-1,-1,-1,-1
msp_0039,-1,0,0,-1,0,-1,-1,-1,-1,-1,-1,-1
msp_0134,-1,-1,0,0,0,-1,0,-1,-1,-1,-1,-1
msp_0733,-1,0,0,-1,0,0,-1,-1,-1,-1,-1,-1
msp_2000,-1,-1,-1,0,-1,-1,-1,-1,-1,-1,-1,0
msp_1147,-1,-1,-1,-1,-1,0,-1,-1,-1,-1,-1,-1
msp_1078,0,-1,-1,-1,-1,0,-1,-1,-1,0,-1,-1
msp_2134,-1,-1,-1,-1,-1,-1,-1,-1,-1,-1,-1,-1
msp_0928,-1,-1,-1,-1,-1,-1,-1,-1,-1,-1,-1,-1
msp_0620,0,-1,-1,-1,-1,-1,-1,-1,0,-1,-1,-1
msp_0941,-1,-1,-1,-1,-1,-1,-1,-1,-1,-1,-1,-1
msp_1380,-1,-1,-1,-1,-1,-1,-1,-1,-1,-1,-1,-1
msp_1928,-1,0,-1,-1,-1,-1,-1,-1,-1,-1,-1,-1
msp_1169c,-1,0,-1,-1,-1,-1,-1,-1,-1,-1,-1,-1
msp_0874,0,0,0,0,-1,-1,-1,-1,-1,-1,-1,-1
msp_0640,0,-1,0,0,-1,-1,-1,-1,-1,-1,-1,-1
msp_1608c,-1,0,-1,-1,-1,-1,-1,-1,-1,-1,-1,-1
msp_1695,-1,-1,-1,-1,-1,-1,-1,-1,-1,-1,-1,-1
msp_0093,-1,-1,0,-1,0,0,-1,-1,-1,-1,-1,-1
msp_0925,-1,-1,-1,-1,-1,-1,0,-1,-1,-1,-1,-1
msp_0118,-1,-1,-1,-1,-1,-1,-1,-1,-1,-1,-1,-1
msp_0830,-1,-1,-1,-1,-1,-1,-1,0,0,0,-1,0
msp_0152,-1,0,0,0,-1,0,-1,-1,-1,-1,-1,-1
msp_1023,-1,-1,-1,-1,-1,-1,-1,-1,0,-1,-1,-1
msp_0413,-1,-1,0,-1,0,-1,0,-1,-1,-1,-1,-1
msp_0097,-1,-1,0,-1,-1,-1,-1,-1,-1,-1,-1,-1
msp_0647,-1,0,-1,0,-1,-1,-1,-1,-1,-1,-1,-1
msp_0723,0,0,0,-1,-1,-1,-1,-1,-1,-1,-1,-1
msp_0275,-1,-1,-1,-1,-1,-1,-1,-1,-1,-1,-1,-1
msp_0391,0,-1,0,0,-1,-1,-1,-1,-1,-1,-1,-1
msp_0719,0,-1,0,-1,-1,-1,-1,-1,-1,-1,-1,-1
msp_0658,-1,-1,0,-1,-1,-1,-1,-1,-1,-1,-1,-1
msp_0612,-1,0,0,-1,-1,-1,-1,-1,-1,-1,-1,-1
msp_0060,-1,0,0,-1,-1,-1,-1,-1,-1,-1,-1,-1
msp_1751,-1,-1,-1,-1,-1,-1,-1,-1,-1,-1,-1,-1
msp_1350,-1,-1,-1,-1,-1,-1,-1,-1,-1,-1,-1,-1
msp_0427,-1,-1,0,-1,0,-1,-1,-1,-1,-1,-1,-1
msp_1810,-1,-1,-1,-1,-1,-1,-1,-1,-1,-1,-1,-1
msp_0378,-1,0,0,-1,-1,-1,-1,-1,-1,-1,-1,-1
msp_1581,-1,0,-1,-1,-1,-1,-1,-1,-1,-1,-1,-1
msp_0094,0,0,0,0,-1,0,-1,-1,-1,-1,-1,-1
msp_0063,-1,-1,0,-1,-1,-1,-1,-1,-1,-1,-1,-1
msp_0436,-1,0,0,0,0,0,-1,-1,-1,-1,-1,-1
msp_1386,-1,-1,-1,-1,-1,-1,-1,-1,-1,-1,-1,-1
msp_1216,-1,0,0,-1,-1,-1,-1,-1,-1,-1,-1,-1
msp_1268,0,0,-1,-1,-1,-1,-1,-1,-1,-1,-1,-1
msp_1929,-1,-1,-1,-1,-1,-1,-1,-1,-1,-1,-1,-1
msp_1237,0,-1,-1,-1,-1,-1,0,-1,-1,-1,-1,-1
msp_0115c,0,0,0,0,-1,0,-1,-1,-1,-1,-1,-1
msp_0338,-1,-1,0,0,-1,-1,-1,-1,-1,-1,-1,-1
msp_0850,-1,-1,-1,-1,-1,-1,-1,-1,-1,-1,-1,-1
msp_0672,-1,-1,-1,-1,-1,-1,-1,-1,-1,-1,0,-1
msp_1234,-1,-1,-1,0,-1,-1,-1,-1,-1,-1,-1,-1
msp_1299,-1,-1,-1,-1,-1,-1,-1,-1,-1,-1,-1,-1
msp_0773,-1,-1,-1,-1,-1,0,-1,-1,-1,-1,-1,-1
msp_1345c,-1,-1,-1,-1,-1,-1,-1,-1,-1,-1,-1,-1
msp_2159,-1,-1,-1,-1,-1,-1,-1,-1,-1,-1,-1,-1
msp_0128,-1,-1,-1,-1,-1,-1,-1,-1,-1,-1,-1,-1
msp_0028,-1,-1,0,-1,-1,-1,-1,-1,-1,-1,-1,-1
msp_1670,-1,-1,-1,-1,-1,-1,-1,-1,-1,-1,-1,-1
msp_0906,0,-1,-1,-1,-1,0,-1,-1,-1,-1,-1,-1
msp_0938,-1,-1,0,-1,-1,-1,-1,-1,-1,-1,-1,-1
msp_1906,-1,-1,-1,-1,-1,-1,-1,-1,-1,-1,-1,-1
msp_0769,-1,0,0,0,-1,0,-1,-1,-1,-1,-1,-1
msp_0822,0,-1,-1,-1,-1,-1,-1,-1,-1,-1,-1,-1
msp_0395,-1,-1,-1,-1,-1,-1,-1,-1,-1,-1,-1,-1
msp_0884,-1,-1,-1,0,0,-1,-1,-1,-1,-1,0,-1
msp_0086,-1,-1,0,0,-1,0,-1,-1,-1,0,-1,-1
msp_1047,-1,-1,-1,-1,-1,-1,-1,-1,-1,-1,-1,-1
msp_0204,-1,-1,0,0,-1,-1,-1,-1,-1,-1,-1,-1
msp_0573,-1,-1,0,0,0,-1,-1,-1,-1,-1,-1,-1
msp_0889,-1,-1,-1,-1,0,-1,0,-1,-1,-1,-1,-1
msp_0256,-1,-1,0,-1,-1,-1,-1,-1,-1,-1,-1,-1
msp_0405,-1,-1,0,-1,0,-1,-1,-1,-1,-1,-1,-1
msp_1994,-1,-1,-1,-1,-1,-1,-1,-1,-1,-1,-1,-1
msp_1308,-1,-1,-1,-1,0,-1,-1,-1,-1,-1,-1,-1
msp_0119,-1,-1,0,-1,0,-1,0,-1,-1,-1,-1,-1
msp_0829,-1,-1,0,-1,0,-1,-1,-1,-1,-1,-1,-1
msp_0910,-1,0,-1,-1,-1,-1,-1,-1,-1,-1,-1,-1
msp_0279,-1,-1,-1,0,-1,-1,-1,-1,-1,-1,-1,-1
msp_0278,0,-1,0,-1,0,-1,-1,-1,-1,-1,-1,-1
msp_1891,-1,-1,-1,-1,-1,-1,-1,-1,-1,-1,-1,-1
msp_0414,-1,-1,-1,-1,0,-1,-1,-1,0,-1,-1,-1
msp_1298,-1,-1,-1,-1,-1,-1,-1,-1,-1,-1,-1,-1
msp_2011,-1,-1,-1,-1,-1,-1,-1,-1,-1,-1,-1,-1
msp_0639,-1,0,0,0,-1,-1,-1,-1,-1,-1,-1,-1
msp_1876,-1,-1,-1,-1,-1,-1,-1,-1,-1,-1,-1,-1
msp_0432,0,0,-1,-1,-1,-1,-1,-1,-1,-1,-1,-1
msp_0332,-1,0,0,-1,-1,-1,-1,-1,-1,-1,-1,-1
msp_1867,-1,-1,-1,-1,-1,-1,-1,-1,-1,-1,-1,-1
msp_0984,-1,-1,-1,-1,0,-1,-1,-1,0,-1,-1,-1
msp_0549,-1,-1,0,-1,-1,-1,-1,-1,-1,-1,-1,-1
msp_1336,-1,0,-1,0,-1,-1,-1,-1,-1,-1,-1,-1
msp_0563,0,0,0,0,0,0,-1,-1,-1,-1,-1,-1
msp_0053,0,-1,0,-1,-1,-1,-1,-1,-1,-1,-1,-1
msp_1719,-1,-1,-1,-1,-1,-1,-1,-1,-1,-1,-1,-1
msp_0870,-1,-1,-1,-1,-1,-1,-1,-1,-1,-1,-1,-1
msp_0617,-1,-1,-1,-1,0,-1,-1,-1,0,-1,-1,-1
msp_1455,-1,-1,-1,-1,-1,-1,-1,-1,-1,-1,-1,-1
msp_0759,-1,-1,-1,-1,-1,-1,-1,-1,-1,-1,-1,-1
msp_0426,-1,-1,0,-1,0,-1,-1,-1,-1,-1,-1,-1
msp_0569,-1,-1,0,-1,-1,-1,-1,-1,-1,-1,-1,-1
msp_0327,-1,-1,-1,-1,-1,-1,-1,-1,-1,-1,-1,-1
msp_1081,-1,-1,-1,-1,0,-1,-1,-1,-1,-1,-1,-1
msp_1818,-1,-1,-1,-1,0,-1,-1,-1,-1,-1,-1,-1
msp_0067,-1,-1,0,-1,-1,-1,-1,-1,-1,-1,-1,-1
msp_1384,-1,-1,-1,-1,-1,-1,-1,-1,-1,-1,-1,-1
msp_0364,-1,-1,0,0,0,0,-1,-1,-1,-1,-1,-1
msp_0613,-1,0,-1,-1,-1,0,-1,-1,-1,-1,-1,-1
msp_0669,0,0,0,-1,-1,-1,-1,-1,-1,-1,-1,-1
msp_0511,-1,-1,-1,-1,-1,-1,-1,-1,-1,-1,-1,-1
msp_0750,-1,0,0,0,-1,0,-1,-1,-1,-1,-1,-1
msp_1279,-1,-1,-1,-1,-1,-1,-1,-1,-1,-1,-1,-1
msp_0353,0,0,0,-1,-1,0,-1,-1,-1,-1,-1,-1
msp_1392,-1,-1,-1,-1,-1,-1,-1,-1,-1,-1,-1,-1
msp_1481,0,-1,-1,-1,-1,0,-1,-1,-1,-1,-1,-1
msp_0331,-1,-1,0,0,-1,-1,-1,-1,-1,-1,-1,-1
msp_1310,-1,-1,-1,-1,-1,-1,-1,-1,-1,-1,-1,-1
msp_0591,-1,-1,0,0,-1,0,-1,-1,-1,0,-1,-1
msp_0416,-1,-1,-1,-1,-1,-1,-1,-1,-1,-1,-1,-1
msp_0145,-1,-1,-1,-1,0,-1,0,-1,0,-1,-1,-1
msp_1497,0,-1,-1,-1,-1,-1,-1,-1,-1,-1,-1,-1
msp_0250,0,0,0,-1,-1,0,-1,-1,-1,-1,-1,-1
msp_0713,-1,0,-1,0,-1,0,-1,-1,-1,-1,-1,-1
msp_1218,-1,-1,-1,-1,-1,-1,-1,-1,-1,-1,-1,-1
msp_2053,-1,-1,-1,-1,-1,-1,-1,-1,-1,-1,-1,-1
msp_1895,-1,-1,-1,-1,-1,-1,-1,-1,-1,-1,-1,-1
msp_0471,-1,-1,0,-1,-1,0,-1,-1,-1,-1,-1,-1
msp_0197,0,-1,0,0,0,-1,-1,-1,-1,-1,-1,0
msp_0195,-1,-1,0,0,0,-1,0,-1,0,0,-1,-1
msp_0300,-1,-1,-1,-1,-1,-1,-1,-1,-1,-1,-1,-1
msp_0533,0,0,0,-1,-1,-1,-1,-1,-1,-1,-1,0
msp_1701c,-1,0,-1,-1,-1,-1,-1,-1,-1,-1,-1,-1
msp_0084,-1,-1,0,-1,-1,-1,-1,-1,-1,-1,-1,-1
msp_0082c,-1,-1,0,0,0,-1,0,-1,0,-1,-1,-1
msp_0320,-1,-1,-1,-1,-1,-1,-1,-1,-1,-1,-1,-1
msp_0080,-1,-1,0,-1,-1,-1,-1,-1,-1,-1,-1,-1
msp_0901,-1,0,-1,-1,-1,-1,-1,-1,-1,-1,-1,-1
msp_1688,-1,-1,-1,-1,-1,-1,-1,-1,-1,-1,-1,-1
msp_0027,-1,-1,0,-1,-1,-1,-1,-1,-1,-1,-1,-1
msp_0865,-1,-1,-1,-1,0,-1,-1,-1,-1,-1,-1,-1
msp_1564,-1,-1,-1,-1,-1,-1,-1,-1,-1,-1,-1,-1
msp_0774,-1,-1,-1,-1,-1,-1,-1,-1,-1,-1,-1,-1
msp_1045,-1,-1,-1,-1,-1,-1,-1,-1,-1,-1,-1,-1
msp_1144c,-1,-1,-1,-1,-1,-1,-1,-1,-1,-1,-1,-1
msp_1138,-1,-1,-1,-1,-1,-1,-1,-1,-1,-1,-1,-1
msp_1400,-1,-1,-1,-1,-1,-1,-1,-1,-1,-1,-1,-1
msp_0409,-1,-1,-1,-1,-1,-1,-1,-1,-1,-1,-1,-1
msp_0649,-1,-1,0,-1,-1,-1,0,-1,-1,-1,-1,0
msp_0268,-1,0,0,0,0,-1,-1,-1,-1,-1,-1,-1
msp_0342,-1,-1,0,-1,-1,-1,-1,-1,-1,-1,-1,-1
msp_0156,-1,-1,0,-1,-1,-1,-1,-1,-1,-1,-1,-1
msp_0607,-1,-1,-1,-1,-1,-1,-1,-1,-1,-1,-1,-1
msp_1183,-1,-1,-1,-1,-1,-1,-1,-1,-1,-1,-1,-1
msp_0177,0,-1,0,0,0,0,-1,-1,-1,-1,-1,-1
msp_1982,-1,-1,-1,-1,-1,-1,-1,-1,-1,-1,-1,-1
msp_0448,-1,0,-1,-1,-1,-1,-1,-1,-1,-1,-1,-1
msp_1831,-1,-1,0,-1,-1,-1,-1,-1,-1,-1,-1,-1
msp_0544c,-1,-1,-1,-1,0,-1,0,-1,0,-1,-1,-1
msp_0056,-1,0,0,0,-1,0,-1,-1,-1,-1,-1,-1
msp_0280,-1,-1,-1,0,0,-1,0,-1,0,-1,-1,-1
msp_1232,-1,-1,-1,-1,-1,-1,-1,-1,-1,-1,-1,-1
msp_0277,-1,0,0,-1,-1,-1,-1,-1,-1,-1,-1,-1
msp_0032,-1,-1,-1,-1,-1,-1,-1,-1,-1,-1,-1,-1
msp_0316,-1,-1,-1,-1,-1,-1,-1,-1,-1,-1,-1,-1
msp_0330,-1,0,0,-1,-1,-1,-1,-1,-1,-1,-1,-1
msp_0646,-1,-1,0,-1,-1,-1,-1,-1,-1,-1,-1,-1
msp_1140,-1,-1,-1,0,-1,-1,-1,-1,-1,-1,-1,-1
msp_0730,-1,0,-1,-1,-1,-1,-1,-1,-1,-1,-1,-1
msp_1212,-1,-1,-1,-1,-1,-1,-1,-1,-1,-1,-1,-1
msp_0130,-1,-1,-1,-1,-1,-1,-1,-1,0,-1,-1,-1
msp_0503,-1,-1,-1,-1,0,-1,-1,-1,-1,-1,0,-1
msp_1939,-1,-1,-1,-1,-1,-1,-1,-1,-1,-1,-1,-1
msp_1816,-1,-1,-1,0,-1,-1,0,-1,-1,-1,-1,-1
msp_1456c,-1,-1,-1,-1,-1,-1,-1,-1,-1,-1,-1,-1
msp_0554,-1,-1,0,0,0,-1,-1,-1,-1,-1,-1,-1
msp_1515,-1,-1,-1,-1,-1,-1,-1,-1,-1,-1,-1,-1
msp_0655,0,-1,0,0,-1,0,-1,-1,-1,-1,-1,-1
msp_0422,1,1,1,1,1,-1,-1,-1,-1,-1,-1,-1
msp_2168,-1,-1,-1,-1,-1,-1,-1,-1,-1,-1,-1,-1
msp_1814,-1,-1,-1,-1,-1,-1,-1,-1,-1,-1,-1,-1
msp_0070,-1,-1,-1,-1,0,-1,-1,-1,-1,-1,-1,-1
msp_1637,0,-1,0,0,-1,-1,-1,-1,-1,-1,-1,-1
msp_1835,-1,-1,-1,-1,-1,-1,-1,-1,0,-1,-1,-1
msp_0611,-1,-1,-1,-1,-1,-1,-1,-1,-1,-1,-1,-1
msp_0291,-1,-1,0,-1,-1,-1,-1,-1,-1,-1,-1,-1
msp_1207,-1,-1,-1,-1,-1,-1,-1,-1,-1,-1,-1,-1
msp_0956,-1,-1,-1,0,0,-1,-1,-1,-1,-1,-1,-1
msp_0110,-1,-1,0,0,0,-1,0,-1,0,-1,-1,-1
msp_1018,-1,-1,-1,-1,0,-1,-1,-1,-1,-1,-1,-1
msp_0791,-1,0,0,0,-1,-1,-1,-1,-1,-1,-1,-1
msp_0023,-1,-1,0,-1,-1,-1,-1,-1,-1,-1,-1,-1
msp_0203,-1,-1,0,-1,-1,-1,-1,-1,-1,-1,-1,-1
msp_0500,0,-1,0,-1,0,-1,-1,-1,-1,-1,-1,-1
msp_0190,-1,-1,0,-1,-1,-1,-1,-1,-1,-1,-1,-1
msp_1249,-1,-1,-1,-1,-1,-1,-1,-1,-1,-1,-1,-1
msp_0065,-1,0,0,0,0,0,-1,-1,-1,-1,-1,-1
msp_0737,-1,-1,-1,-1,-1,-1,-1,-1,-1,-1,-1,-1
msp_1145,-1,0,-1,-1,-1,-1,-1,-1,-1,-1,-1,-1
msp_0292,-1,0,0,0,-1,-1,-1,-1,-1,-1,-1,-1
msp_1126,-1,-1,-1,-1,-1,-1,-1,-1,-1,-1,-1,-1
msp_0075,0,0,0,-1,-1,-1,-1,-1,-1,-1,-1,-1
msp_0876,0,-1,-1,-1,-1,-1,-1,-1,-1,-1,-1,-1
msp_1292,-1,-1,-1,-1,-1,-1,-1,-1,-1,-1,-1,-1
msp_1074,-1,-1,-1,-1,-1,-1,-1,-1,-1,-1,-1,-1
msp_1016,0,0,-1,-1,-1,-1,-1,-1,-1,-1,-1,-1
msp_1958,-1,-1,-1,-1,0,-1,0,-1,-1,-1,-1,-1
msp_0282,-1,0,0,-1,0,-1,-1,-1,-1,-1,-1,-1
msp_1187,-1,-1,-1,-1,-1,-1,-1,-1,-1,-1,-1,-1
msp_0604,0,0,0,0,-1,0,-1,-1,-1,-1,-1,-1
msp_0096,-1,-1,0,-1,-1,-1,-1,-1,-1,-1,-1,-1
msp_1462,-1,-1,-1,-1,-1,-1,-1,-1,-1,-1,-1,-1
msp_1230,-1,-1,-1,-1,-1,-1,-1,-1,-1,-1,-1,-1
msp_0299,-1,0,0,0,0,0,-1,-1,-1,-1,-1,-1
msp_1128,-1,-1,-1,0,-1,0,-1,-1,-1,-1,-1,-1
msp_0697,-1,0,0,-1,0,-1,-1,-1,-1,-1,-1,-1
msp_0370,-1,-1,0,-1,-1,-1,-1,-1,-1,-1,-1,-1
msp_1469,-1,-1,-1,-1,-1,-1,-1,-1,-1,-1,-1,-1
msp_1270,-1,-1,-1,-1,-1,0,-1,-1,-1,-1,-1,-1
msp_1747,-1,0,-1,-1,-1,0,-1,-1,-1,-1,-1,-1
msp_1174,-1,-1,-1,-1,-1,-1,-1,-1,-1,-1,-1,-1
msp_0043,-1,-1,0,-1,-1,-1,-1,-1,-1,-1,-1,-1
msp_1843,-1,-1,-1,-1,-1,-1,-1,-1,-1,-1,-1,-1
msp_0844c,-1,-1,-1,-1,0,-1,-1,-1,-1,-1,-1,-1
msp_0623,-1,-1,-1,-1,-1,-1,-1,-1,-1,-1,-1,-1
msp_1075,-1,-1,-1,-1,-1,-1,-1,-1,-1,-1,-1,-1
msp_0421,-1,-1,-1,-1,-1,-1,-1,-1,-1,-1,-1,-1
msp_1402,-1,-1,0,0,-1,-1,-1,-1,-1,-1,-1,-1
msp_1226,-1,-1,-1,-1,-1,-1,-1,-1,-1,-1,-1,-1
msp_0217,-1,-1,0,-1,-1,-1,-1,-1,-1,-1,-1,-1
msp_0926,-1,-1,-1,-1,0,-1,-1,-1,-1,-1,-1,-1
msp_0407,-1,-1,0,-1,-1,-1,-1,-1,-1,-1,-1,-1
msp_0694,-1,-1,-1,-1,-1,-1,-1,-1,-1,-1,-1,-1
msp_1235,-1,-1,-1,-1,-1,-1,-1,-1,-1,-1,-1,-1
msp_1328,0,-1,-1,-1,-1,-1,-1,-1,-1,-1,-1,-1
msp_0133,0,0,0,-1,-1,-1,-1,-1,-1,-1,-1,-1
msp_0695,-1,-1,-1,-1,-1,-1,0,-1,0,0,0,0
msp_1024,-1,-1,0,-1,0,-1,0,-1,-1,-1,-1,-1
msp_0974c,-1,-1,-1,-1,-1,-1,-1,-1,-1,-1,-1,-1
msp_0196,-1,-1,-1,-1,-1,-1,-1,-1,-1,-1,-1,-1
msp_0226,-1,-1,-1,0,0,-1,0,-1,0,0,-1,-1
msp_0641,-1,0,-1,-1,-1,-1,-1,-1,-1,-1,-1,-1
msp_1436,-1,-1,-1,-1,-1,-1,-1,-1,-1,-1,-1,-1
msp_1377,-1,-1,-1,-1,-1,-1,-1,-1,-1,-1,-1,-1
msp_0553,-1,0,0,-1,-1,-1,-1,-1,-1,-1,-1,-1
msp_0026,-1,-1,0,-1,-1,-1,-1,-1,-1,-1,-1,-1
msp_1418c,-1,-1,-1,-1,-1,-1,-1,-1,-1,-1,-1,-1
msp_0764,-1,-1,-1,-1,-1,-1,-1,-1,-1,-1,-1,-1
msp_1875,-1,-1,-1,-1,-1,-1,-1,-1,-1,-1,-1,-1
msp_0917,-1,-1,0,-1,-1,-1,-1,-1,-1,-1,-1,-1
msp_0897,-1,-1,-1,-1,-1,-1,-1,-1,0,-1,-1,-1
msp_1351,-1,0,-1,-1,-1,-1,-1,-1,-1,-1,-1,-1
msp_0583,-1,0,0,-1,-1,-1,-1,-1,-1,-1,-1,-1
msp_1634,-1,-1,-1,-1,-1,-1,-1,-1,-1,-1,-1,-1
msp_1786,-1,-1,-1,-1,0,-1,-1,-1,-1,-1,-1,-1
msp_0625,-1,0,0,0,0,-1,-1,-1,-1,-1,-1,-1
msp_1190c,0,-1,-1,-1,-1,-1,-1,-1,-1,-1,-1,-1
msp_0896,-1,-1,-1,-1,0,-1,-1,-1,-1,-1,-1,-1
msp_1176,-1,-1,-1,-1,-1,-1,-1,-1,-1,-1,-1,-1
msp_0335,-1,-1,-1,-1,-1,-1,-1,-1,-1,-1,-1,-1
msp_1472c,-1,-1,-1,-1,-1,-1,-1,-1,-1,-1,-1,-1
msp_0058,-1,0,0,0,-1,-1,-1,-1,-1,-1,-1,-1
msp_1142,-1,-1,-1,-1,-1,-1,-1,-1,-1,-1,-1,-1
msp_1743,-1,0,-1,-1,-1,-1,-1,-1,-1,-1,-1,-1
msp_1785,-1,-1,-1,-1,0,-1,-1,-1,0,-1,-1,-1
msp_1784,-1,-1,-1,-1,-1,-1,-1,-1,-1,-1,-1,-1
msp_1833,-1,0,-1,-1,-1,-1,-1,-1,-1,-1,-1,-1
msp_0800,-1,-1,-1,0,-1,-1,-1,-1,-1,-1,-1,-1
msp_0209,-1,-1,-1,0,0,-1,0,-1,0,-1,-1,-1
msp_0092,-1,-1,-1,-1,0,-1,0,-1,0,-1,-1,-1
msp_0059,-1,-1,0,-1,-1,-1,-1,-1,-1,-1,-1,-1
msp_0168,-1,0,0,-1,-1,-1,-1,-1,-1,-1,-1,-1
msp_1408,-1,-1,-1,-1,-1,-1,-1,-1,-1,-1,-1,-1
msp_1118,-1,-1,-1,-1,0,-1,-1,-1,-1,-1,-1,-1
msp_0952,-1,-1,-1,-1,-1,0,-1,-1,-1,-1,-1,-1
msp_1302,-1,0,-1,-1,-1,-1,-1,-1,-1,-1,-1,-1
msp_0967,-1,-1,-1,-1,0,-1,-1,-1,0,-1,-1,-1
msp_0176,-1,-1,0,-1,-1,-1,-1,-1,-1,-1,-1,-1
msp_0875,-1,-1,-1,-1,-1,-1,-1,-1,-1,-1,-1,-1
msp_1219,-1,-1,-1,-1,-1,-1,-1,-1,-1,-1,0,-1
msp_0934,-1,-1,-1,-1,-1,-1,-1,-1,-1,-1,-1,-1
msp_1527,-1,-1,-1,0,0,-1,-1,-1,-1,-1,-1,-1
msp_1185,-1,-1,-1,-1,-1,-1,-1,-1,-1,-1,-1,-1
msp_1089,-1,-1,0,-1,-1,-1,0,-1,-1,-1,-1,-1
msp_0361,0,0,0,0,-1,-1,-1,-1,-1,-1,-1,-1
msp_1986,-1,-1,-1,-1,0,-1,-1,-1,-1,-1,0,-1
msp_0012,-1,-1,0,-1,-1,-1,-1,-1,-1,-1,-1,-1
msp_1290,-1,-1,-1,-1,-1,-1,-1,-1,-1,-1,-1,-1
msp_0561,-1,0,0,-1,-1,0,-1,-1,-1,-1,-1,-1
msp_0178,-1,0,0,-1,0,-1,-1,-1,-1,-1,-1,-1
msp_1083,-1,-1,-1,-1,-1,-1,-1,-1,-1,-1,-1,-1
msp_1307,-1,-1,-1,-1,-1,-1,-1,-1,-1,-1,-1,-1
msp_0838,-1,-1,-1,-1,-1,-1,-1,-1,0,-1,-1,-1
msp_0044,-1,0,0,0,-1,0,-1,-1,-1,-1,-1,-1
msp_0485,-1,-1,-1,-1,-1,-1,-1,-1,-1,-1,-1,-1
msp_0714c,-1,-1,-1,-1,-1,-1,0,-1,-1,-1,-1,-1
msp_0315,-1,-1,0,-1,-1,-1,-1,-1,-1,-1,-1,-1
msp_0216,-1,-1,0,-1,-1,-1,-1,-1,-1,-1,-1,-1
msp_0615,0,0,0,0,-1,-1,-1,-1,-1,-1,-1,-1
msp_0400,-1,0,0,-1,-1,-1,-1,-1,-1,-1,-1,-1
msp_0036,-1,-1,0,-1,-1,-1,-1,-1,-1,-1,-1,-1
msp_1727,-1,-1,-1,-1,-1,-1,-1,-1,-1,-1,-1,-1
msp_0534,-1,0,0,-1,-1,-1,-1,-1,-1,-1,-1,-1
msp_0650,-1,-1,0,0,0,0,-1,-1,-1,-1,-1,-1
msp_1839,-1,-1,-1,-1,-1,-1,-1,-1,-1,-1,-1,-1
msp_0014,-1,0,0,-1,0,0,-1,-1,-1,-1,-1,-1
msp_0943,-1,-1,-1,-1,-1,-1,-1,-1,-1,-1,-1,-1
msp_0651,-1,-1,-1,-1,-1,-1,-1,-1,-1,-1,-1,-1
msp_0106,-1,-1,0,0,-1,-1,-1,-1,-1,-1,-1,-1
msp_1745,-1,-1,-1,-1,-1,-1,-1,-1,-1,-1,-1,-1
msp_0166,-1,0,-1,-1,-1,-1,-1,-1,-1,-1,-1,-1
msp_0580,-1,-1,0,0,0,-1,-1,-1,-1,-1,-1,0
msp_0768,-1,-1,-1,-1,0,-1,0,-1,0,-1,-1,-1
msp_1086,-1,-1,-1,-1,-1,-1,-1,-1,-1,-1,-1,-1
msp_1077,-1,0,-1,-1,-1,-1,-1,-1,-1,-1,-1,-1
msp_0572,-1,0,0,0,-1,-1,-1,-1,-1,-1,-1,-1
msp_0346,-1,-1,0,0,-1,0,-1,-1,-1,-1,-1,-1
msp_0425,-1,-1,0,-1,-1,-1,-1,-1,-1,-1,-1,-1
msp_0538,-1,-1,0,0,-1,-1,0,-1,-1,-1,-1,-1
msp_1987,-1,-1,-1,-1,-1,-1,-1,-1,-1,-1,-1,-1
msp_2088,-1,-1,-1,-1,-1,-1,-1,-1,-1,-1,-1,-1
msp_0184,-1,-1,0,-1,-1,-1,-1,-1,-1,-1,-1,-1
msp_0594,-1,-1,0,-1,0,-1,0,-1,-1,-1,-1,-1
msp_1155,-1,0,-1,-1,-1,-1,-1,-1,-1,-1,-1,-1
msp_1679,-1,-1,-1,-1,-1,-1,-1,-1,-1,-1,-1,-1
msp_1170,-1,-1,-1,-1,-1,-1,-1,-1,-1,-1,-1,-1
msp_0041,-1,-1,0,-1,-1,-1,-1,-1,-1,-1,-1,-1
msp_1529,-1,-1,-1,-1,-1,-1,-1,-1,-1,-1,-1,-1
msp_1572,-1,-1,-1,-1,-1,0,-1,-1,-1,-1,-1,-1
msp_1725,-1,-1,-1,-1,-1,-1,-1,-1,-1,-1,-1,-1
msp_0633,-1,-1,-1,-1,-1,-1,0,-1,0,-1,-1,-1
msp_0851,-1,-1,0,0,-1,-1,-1,-1,-1,-1,-1,-1
msp_0109,0,0,0,0,-1,0,-1,-1,-1,-1,-1,-1
msp_0206,-1,0,0,-1,-1,-1,-1,-1,-1,-1,-1,-1
msp_0696,-1,-1,0,-1,-1,-1,0,-1,-1,-1,-1,-1
msp_0273,-1,0,0,-1,-1,-1,-1,-1,-1,-1,-1,-1
msp_1294,-1,-1,-1,0,0,-1,-1,-1,-1,-1,-1,-1
msp_0281,-1,-1,0,0,-1,-1,-1,-1,-1,-1,-1,-1
msp_1766,-1,-1,-1,-1,-1,-1,0,-1,0,-1,-1,-1
msp_0955,0,-1,-1,-1,-1,-1,-1,-1,-1,-1,-1,-1
msp_1547c,-1,-1,-1,-1,-1,-1,-1,-1,-1,-1,-1,-1
msp_0587,0,-1,-1,0,0,-1,-1,-1,-1,-1,-1,-1
msp_2012,-1,-1,-1,-1,-1,-1,-1,-1,-1,-1,-1,-1
msp_1985,-1,-1,0,-1,-1,-1,-1,-1,-1,-1,-1,-1
msp_1087,-1,-1,-1,-1,-1,-1,-1,-1,-1,-1,-1,-1
msp_1520,-1,-1,-1,-1,-1,-1,-1,-1,-1,-1,-1,-1
msp_1496,-1,-1,-1,-1,-1,-1,-1,-1,-1,-1,-1,-1
msp_1996,-1,-1,-1,-1,-1,-1,-1,-1,0,-1,-1,-1
msp_0765,-1,-1,-1,-1,-1,-1,-1,-1,-1,-1,-1,-1
msp_1656,-1,-1,-1,-1,-1,-1,-1,-1,-1,-1,-1,-1
msp_0262,-1,0,0,-1,0,-1,-1,-1,-1,-1,-1,-1
msp_1808,-1,-1,-1,-1,-1,-1,-1,-1,-1,-1,-1,-1
msp_0243,-1,0,0,0,-1,-1,-1,-1,-1,-1,-1,-1
msp_0298,-1,0,0,0,-1,-1,-1,-1,-1,-1,-1,-1
msp_0287,-1,-1,-1,-1,-1,-1,-1,-1,-1,-1,-1,-1
msp_0805,0,-1,-1,0,-1,0,-1,-1,-1,-1,-1,-1
msp_1851,-1,0,-1,-1,0,-1,-1,-1,-1,-1,-1,-1
msp_0443,-1,-1,-1,-1,-1,-1,-1,-1,-1,-1,-1,-1
msp_0660,-1,-1,-1,-1,-1,-1,-1,-1,0,-1,-1,-1
msp_2005,-1,-1,-1,-1,-1,-1,-1,-1,-1,-1,-1,-1
msp_1716,0,0,-1,-1,0,0,-1,-1,-1,-1,-1,-1
msp_0780,0,-1,-1,-1,-1,0,-1,-1,-1,-1,-1,-1
msp_1570,-1,-1,-1,-1,-1,-1,-1,-1,-1,-1,-1,-1
msp_0223,0,0,0,-1,-1,-1,-1,-1,-1,-1,-1,-1
msp_0619,-1,0,-1,-1,-1,-1,-1,-1,-1,-1,-1,-1
msp_0360,-1,0,-1,-1,-1,0,-1,-1,-1,-1,-1,-1
msp_0483,-1,-1,0,0,0,-1,-1,-1,-1,-1,-1,-1
msp_0605,-1,0,0,-1,-1,-1,-1,-1,-1,-1,-1,-1
msp_0276,-1,0,0,0,0,0,-1,-1,-1,-1,-1,-1
msp_0468,-1,-1,1,-1,1,1,-1,-1,-1,-1,-1,-1
msp_0881,-1,-1,-1,0,0,-1,0,-1,0,-1,-1,-1
msp_0236,0,0,0,-1,-1,-1,-1,-1,-1,-1,-1,-1
msp_1012,-1,-1,-1,-1,-1,0,-1,-1,-1,-1,-1,-1
msp_1427,-1,-1,-1,-1,-1,-1,-1,-1,-1,-1,-1,-1
msp_1154,-1,-1,-1,-1,-1,-1,-1,-1,-1,-1,-1,-1
msp_0150c,0,-1,0,-1,-1,-1,-1,-1,-1,-1,-1,-1
msp_0137,-1,-1,0,-1,-1,-1,-1,-1,-1,-1,-1,-1
msp_0584,-1,-1,-1,-1,-1,-1,-1,-1,-1,-1,-1,-1
msp_0242,-1,-1,0,0,-1,-1,-1,-1,-1,-1,-1,-1
msp_1221,-1,-1,-1,-1,-1,-1,-1,-1,-1,-1,-1,-1
msp_1907,-1,-1,-1,-1,-1,-1,-1,-1,-1,-1,-1,-1
msp_0593,-1,-1,0,-1,-1,-1,-1,-1,-1,-1,-1,-1
msp_0167c,-1,-1,-1,-1,-1,-1,0,-1,0,0,-1,-1
msp_0162,0,0,0,0,0,-1,-1,-1,-1,-1,-1,-1
msp_0582,-1,-1,0,-1,-1,-1,-1,-1,-1,-1,-1,-1
msp_0461,-1,0,0,0,-1,-1,-1,-1,-1,-1,-1,-1
msp_1009,-1,-1,-1,0,-1,-1,-1,-1,-1,-1,-1,-1
msp_1777,-1,0,-1,-1,0,-1,-1,-1,-1,-1,-1,-1
msp_0313,-1,-1,-1,0,0,-1,-1,-1,-1,-1,0,-1
msp_1799,-1,-1,-1,0,0,-1,-1,-1,-1,-1,-1,-1
msp_0240,-1,0,0,-1,-1,-1,-1,-1,-1,-1,-1,-1
msp_1180,-1,-1,-1,-1,-1,-1,-1,-1,-1,-1,-1,-1
msp_0324,-1,-1,0,-1,-1,-1,-1,-1,-1,-1,-1,-1
msp_0703,-1,-1,0,-1,-1,-1,-1,-1,-1,-1,-1,-1
msp_1000,-1,-1,-1,-1,-1,-1,-1,-1,-1,-1,-1,-1
msp_0083,-1,-1,-1,-1,-1,-1,-1,-1,-1,-1,-1,-1
msp_0072,0,0,0,0,-1,0,-1,-1,-1,-1,-1,-1
msp_0849,-1,-1,-1,-1,-1,-1,-1,-1,-1,-1,-1,-1
msp_0465,-1,-1,-1,-1,0,-1,-1,-1,-1,-1,0,-1
msp_1821,-1,-1,-1,-1,-1,-1,-1,-1,-1,-1,-1,-1
msp_0592,-1,0,0,-1,-1,0,-1,-1,-1,-1,-1,-1
msp_0208,1,1,1,1,1,1,-1,-1,-1,-1,-1,-1
msp_0251,-1,-1,-1,-1,-1,-1,-1,-1,-1,-1,-1,-1
msp_0970,-1,-1,-1,-1,-1,-1,-1,-1,-1,-1,-1,-1
msp_1444,-1,-1,-1,-1,-1,-1,-1,-1,-1,-1,-1,-1
msp_1522,-1,-1,-1,-1,-1,-1,-1,-1,-1,-1,-1,-1
msp_0637,-1,-1,-1,-1,-1,-1,-1,-1,-1,-1,-1,-1
msp_1410,-1,-1,-1,-1,-1,-1,-1,-1,-1,-1,-1,-1
msp_0835,-1,-1,0,-1,-1,-1,-1,-1,-1,-1,-1,-1
msp_1048,0,0,0,-1,-1,0,-1,-1,-1,-1,-1,-1
msp_0746,-1,-1,0,-1,-1,-1,-1,-1,-1,-1,-1,-1
msp_0444,-1,-1,0,-1,0,-1,-1,-1,-1,-1,-1,-1
msp_0260,-1,-1,0,-1,-1,-1,-1,-1,-1,-1,-1,-1
msp_0792,0,0,0,0,0,0,-1,-1,-1,-1,-1,-1
msp_0453,-1,0,0,0,-1,-1,-1,-1,-1,-1,-1,-1
msp_0653,-1,-1,0,-1,-1,-1,-1,-1,-1,-1,-1,-1
msp_0913,-1,-1,-1,-1,-1,-1,0,0,0,0,-1,-1
msp_0175,-1,0,0,0,-1,-1,-1,-1,-1,-1,-1,-1
msp_0285,-1,0,0,-1,-1,-1,-1,-1,-1,-1,-1,-1
msp_1229,-1,-1,-1,-1,-1,-1,-1,-1,-1,-1,-1,-1
msp_1482,-1,-1,-1,-1,-1,-1,-1,-1,-1,-1,-1,-1
msp_0751,-1,0,-1,-1,-1,-1,-1,-1,-1,-1,-1,-1
msp_1787,-1,-1,-1,-1,-1,-1,-1,-1,-1,-1,0,-1
msp_1251,0,-1,-1,-1,-1,-1,-1,-1,-1,-1,-1,-1
msp_1362,-1,-1,-1,-1,-1,-1,-1,-1,-1,-1,-1,-1
msp_0129,-1,-1,0,-1,-1,-1,-1,-1,-1,-1,-1,-1
msp_0031,-1,-1,0,-1,-1,-1,-1,-1,-1,-1,-1,-1
msp_0411,-1,-1,-1,-1,0,-1,-1,-1,-1,-1,-1,-1
msp_0826,-1,-1,-1,-1,-1,-1,-1,-1,-1,-1,-1,-1
msp_0368c,-1,-1,0,0,0,-1,0,0,0,0,-1,-1
msp_0577,0,0,0,-1,0,-1,-1,-1,-1,-1,-1,-1
msp_1344c,-1,-1,-1,-1,-1,-1,-1,-1,-1,-1,-1,-1
msp_1166,-1,-1,-1,-1,-1,-1,-1,-1,-1,-1,-1,-1
msp_0025,-1,-1,-1,-1,0,-1,-1,-1,-1,-1,-1,-1
msp_1946,-1,-1,-1,-1,-1,-1,-1,-1,-1,-1,-1,-1
msp_1275,-1,-1,-1,-1,-1,-1,-1,-1,-1,-1,-1,-1
msp_0141,-1,0,0,0,0,0,-1,-1,-1,-1,-1,-1
msp_0799,-1,-1,-1,-1,-1,-1,-1,-1,-1,-1,-1,-1
msp_0942,-1,-1,-1,0,-1,-1,-1,-1,-1,-1,-1,-1
msp_0609,-1,-1,0,-1,-1,-1,-1,-1,-1,-1,-1,-1
msp_1870,-1,-1,-1,-1,-1,-1,-1,-1,-1,-1,-1,-1
msp_0522,-1,-1,-1,-1,0,-1,-1,-1,-1,-1,-1,-1
msp_0508,-1,-1,-1,-1,-1,-1,-1,-1,-1,-1,-1,-1
msp_1068,-1,-1,-1,-1,-1,-1,-1,-1,-1,-1,-1,-1
msp_1121,0,0,0,-1,0,0,-1,-1,-1,-1,-1,-1
msp_0722,0,0,0,0,0,0,-1,-1,-1,-1,-1,-1
msp_0867,-1,0,0,-1,-1,-1,-1,-1,-1,-1,-1,-1
msp_0051,-1,-1,0,-1,-1,-1,-1,-1,-1,-1,-1,-1
msp_0766,0,-1,-1,-1,-1,-1,-1,-1,-1,-1,-1,-1
msp_1011,-1,0,-1,-1,-1,-1,-1,-1,-1,-1,-1,-1
msp_0329,-1,0,0,0,0,0,-1,-1,-1,-1,-1,-1
msp_1714,-1,-1,-1,-1,-1,-1,-1,-1,-1,-1,-1,-1
msp_1740,-1,-1,-1,-1,-1,-1,-1,-1,-1,-1,-1,-1
msp_1006,-1,-1,-1,-1,-1,-1,0,-1,-1,-1,-1,-1
msp_0194,-1,-1,0,-1,-1,-1,-1,-1,-1,-1,-1,-1
msp_1051,-1,-1,-1,0,-1,-1,-1,-1,-1,-1,-1,-1
msp_0201,-1,-1,-1,-1,0,-1,-1,-1,-1,-1,-1,-1
msp_1352,-1,-1,-1,-1,0,-1,0,-1,-1,-1,-1,-1
msp_0362,-1,0,0,0,0,-1,-1,-1,-1,-1,-1,-1
msp_0071,0,0,0,-1,-1,0,-1,-1,-1,-1,-1,-1
msp_0550,0,0,0,-1,0,-1,-1,-1,-1,0,-1,-1
msp_0608,-1,-1,-1,-1,-1,-1,-1,-1,-1,-1,-1,-1
msp_1082,-1,-1,-1,-1,-1,-1,-1,-1,-1,-1,-1,-1
msp_1177,-1,-1,-1,-1,-1,-1,-1,-1,-1,-1,-1,-1
msp_0188,1,-1,1,1,-1,-1,-1,-1,-1,-1,-1,-1
msp_0074,-1,0,0,0,-1,-1,-1,-1,-1,-1,-1,-1
msp_0968c,-1,-1,0,0,-1,-1,-1,-1,-1,-1,-1,-1
msp_0013,-1,-1,0,-1,0,-1,-1,-1,-1,-1,-1,-1
msp_1227c,-1,-1,-1,0,-1,-1,-1,-1,-1,-1,-1,-1
msp_1152,-1,-1,-1,-1,0,-1,-1,-1,0,-1,-1,-1
msp_0452,-1,0,0,-1,-1,-1,-1,-1,-1,-1,-1,-1
msp_1049,-1,-1,-1,-1,-1,-1,-1,-1,-1,-1,-1,-1
msp_0234,-1,0,0,-1,-1,-1,-1,-1,-1,-1,-1,-1
msp_0779,-1,-1,-1,-1,-1,-1,-1,-1,-1,-1,-1,-1
msp_1468,-1,0,-1,-1,-1,-1,-1,-1,-1,-1,-1,-1
msp_0487,-1,-1,0,0,-1,-1,-1,-1,-1,-1,-1,-1
msp_1317,-1,-1,-1,-1,-1,-1,-1,-1,-1,-1,-1,-1
msp_0628,-1,-1,-1,-1,-1,-1,-1,-1,-1,-1,-1,-1
msp_0049,-1,0,0,0,-1,0,-1,-1,-1,-1,-1,-1
msp_1201,-1,-1,-1,-1,-1,-1,-1,-1,-1,-1,-1,-1
msp_0585,-1,-1,-1,-1,0,-1,-1,-1,-1,-1,-1,-1
msp_0296,-1,0,0,-1,-1,0,-1,-1,-1,-1,-1,-1
msp_1981,-1,-1,-1,-1,-1,-1,-1,-1,-1,-1,-1,-1
msp_0423,-1,-1,0,0,-1,-1,-1,-1,-1,-1,-1,-1
msp_0186,-1,-1,0,0,-1,-1,-1,-1,-1,-1,-1,-1
msp_0222,-1,-1,-1,-1,-1,-1,-1,-1,-1,-1,-1,-1
msp_0430,0,-1,0,-1,-1,0,-1,-1,-1,-1,-1,-1
msp_0157,-1,-1,-1,0,0,-1,0,-1,0,-1,-1,-1
msp_1540,-1,-1,-1,-1,-1,-1,-1,-1,-1,-1,-1,-1
msp_0474,-1,-1,-1,-1,0,-1,0,-1,0,-1,-1,-1
msp_1499,-1,-1,-1,-1,-1,-1,-1,-1,-1,-1,-1,-1
msp_1662,0,-1,0,-1,-1,-1,-1,-1,-1,-1,-1,-1
msp_0797,-1,-1,0,-1,-1,-1,-1,-1,-1,-1,-1,-1
msp_1587,-1,-1,-1,-1,-1,-1,-1,-1,-1,-1,-1,-1
msp_0355,-1,-1,0,-1,-1,-1,-1,-1,-1,-1,-1,-1
msp_0227,0,-1,0,-1,-1,-1,-1,-1,-1,-1,-1,-1
msp_0560,0,-1,-1,-1,-1,-1,-1,-1,-1,-1,-1,-1
msp_0539,0,0,0,-1,-1,0,-1,-1,-1,-1,-1,-1
msp_1148,-1,-1,-1,-1,-1,-1,-1,-1,-1,-1,-1,-1
msp_0318,-1,-1,0,-1,-1,-1,-1,-1,-1,-1,-1,-1
msp_0541,0,0,0,0,-1,-1,-1,-1,-1,-1,-1,-1
msp_0757,-1,-1,-1,-1,-1,-1,-1,-1,-1,-1,-1,-1
msp_1341,0,-1,-1,-1,-1,-1,-1,-1,-1,-1,-1,-1
msp_0267,-1,-1,-1,-1,-1,-1,-1,-1,-1,-1,-1,-1
msp_1677,-1,0,0,0,0,-1,-1,-1,-1,-1,-1,-1
msp_0231,-1,-1,-1,-1,-1,-1,-1,-1,-1,-1,-1,-1
msp_0772,-1,0,-1,-1,-1,0,-1,-1,-1,-1,-1,-1
msp_0079,-1,0,0,0,-1,0,-1,-1,-1,-1,-1,-1
msp_0517,-1,-1,-1,-1,-1,-1,-1,-1,-1,-1,-1,-1
msp_0365,-1,0,0,0,0,-1,-1,-1,-1,0,-1,-1
msp_0229,-1,-1,-1,-1,-1,-1,-1,-1,-1,-1,-1,-1
msp_1191c,-1,0,-1,0,-1,-1,-1,-1,-1,-1,-1,-1
msp_0239,-1,-1,-1,-1,0,-1,0,-1,0,-1,-1,-1
msp_1333,-1,-1,-1,-1,-1,-1,-1,-1,-1,-1,-1,-1
msp_0347,-1,-1,0,-1,0,-1,-1,-1,-1,-1,-1,-1
msp_0062,-1,-1,0,-1,-1,-1,-1,-1,-1,-1,-1,-1
msp_0254,-1,0,0,0,-1,-1,-1,-1,-1,-1,-1,-1
msp_0686,-1,-1,0,-1,-1,-1,-1,-1,-1,-1,-1,-1
msp_0272,-1,0,0,0,0,0,-1,-1,-1,-1,-1,-1
msp_1432,-1,-1,-1,-1,0,-1,0,-1,0,0,-1,-1
msp_1671c,-1,0,-1,-1,-1,-1,-1,-1,-1,-1,-1,-1
msp_0337,-1,-1,0,0,0,-1,-1,-1,-1,-1,-1,-1
msp_0543c,-1,-1,-1,-1,-1,-1,-1,-1,-1,-1,-1,-1
msp_1032,-1,-1,-1,-1,-1,-1,-1,-1,-1,-1,-1,-1
msp_0104,-1,-1,0,-1,0,-1,-1,-1,-1,-1,-1,-1
msp_0008,-1,-1,0,-1,-1,-1,-1,-1,-1,-1,-1,-1
msp_1323,-1,-1,-1,-1,-1,0,-1,-1,-1,-1,-1,-1
msp_0977,-1,-1,-1,-1,-1,-1,-1,-1,-1,-1,-1,-1
msp_1220,-1,-1,-1,-1,-1,-1,0,-1,-1,-1,-1,-1
msp_1718,-1,0,0,0,-1,-1,-1,-1,-1,-1,-1,-1
msp_1327,-1,-1,-1,-1,-1,-1,-1,-1,-1,-1,-1,-1
msp_0775,-1,-1,-1,-1,-1,-1,-1,-1,0,-1,-1,-1
msp_0087,-1,-1,0,-1,-1,-1,-1,-1,-1,-1,-1,-1
msp_0392,-1,-1,0,-1,-1,-1,-1,-1,-1,-1,-1,-1
